 1001Displacement    8
passive-lower_limb2007                  
Displacement_Y[femur_COG_J]
Time
Title Displacement_Y[femur_COG_J]/Time
Abs_unit TI
Ord_unit DS
Maximum 5.805725
Minimum -1.415375
       0.000000e+000       0.000000e+000
       1.002158e+000       0.000000e+000
       2.000441e+000       0.000000e+000
       3.000709e+000       0.000000e+000
       4.000865e+000       0.000000e+000
       5.002524e+000       0.000000e+000
       6.000101e+000       0.000000e+000
       7.000571e+000       0.000000e+000
       8.000127e+000       0.000000e+000
       9.000432e+000       0.000000e+000
       1.000054e+001       0.000000e+000
       1.100051e+001       0.000000e+000
       1.200089e+001       0.000000e+000
       1.300083e+001       0.000000e+000
       1.400311e+001       0.000000e+000
       1.500020e+001       0.000000e+000
       1.600125e+001       0.000000e+000
       1.700056e+001       0.000000e+000
       1.800121e+001       0.000000e+000
       1.900151e+001       0.000000e+000
       2.000105e+001       0.000000e+000
       2.100044e+001       0.000000e+000
       2.200099e+001       0.000000e+000
       2.300116e+001       0.000000e+000
       2.400064e+001       0.000000e+000
       2.500034e+001       0.000000e+000
       2.600146e+001       0.000000e+000
       2.700103e+001       0.000000e+000
       2.800091e+001       0.000000e+000
       2.900340e+001       0.000000e+000
       3.000028e+001       0.000000e+000
       3.100138e+001       0.000000e+000
       3.200006e+001       0.000000e+000
       3.300095e+001       0.000000e+000
       3.400091e+001       0.000000e+000
       3.500161e+001       0.000000e+000
       3.600122e+001       0.000000e+000
       3.700078e+001       0.000000e+000
       3.800081e+001       0.000000e+000
       3.900027e+001       0.000000e+000
       4.000249e+001       0.000000e+000
       4.100290e+001       0.000000e+000
       4.200330e+001       0.000000e+000
       4.300165e+001       0.000000e+000
       4.400062e+001       0.000000e+000
       4.500074e+001       0.000000e+000
       4.600026e+001       0.000000e+000
       4.700004e+001       0.000000e+000
       4.800127e+001       0.000000e+000
       4.900168e+001       0.000000e+000
       5.000208e+001       0.000000e+000
       5.100223e+001       0.000000e+000
       5.200062e+001       0.000000e+000
       5.300097e+001       0.000000e+000
       5.400184e+001       0.000000e+000
       5.500219e+001       0.000000e+000
       5.600259e+001       0.000000e+000
       5.700299e+001       0.000000e+000
       5.800340e+001       0.000000e+000
       5.900050e+001       0.000000e+000
       6.000079e+001       0.000000e+000
       6.100155e+001       0.000000e+000
       6.200214e+001       0.000000e+000
       6.300151e+001       0.000000e+000
       6.400191e+001       0.000000e+000
       6.500137e+001       0.000000e+000
       6.600082e+001       0.000000e+000
       6.700193e+001       0.000000e+000
       6.800079e+001       0.000000e+000
       6.900008e+001       0.000000e+000
       7.000199e+001       0.000000e+000
       7.100006e+001       0.000000e+000
       7.200351e+001       0.000000e+000
       7.300296e+001       0.000000e+000
       7.400241e+001       0.000000e+000
       7.500186e+001       0.000000e+000
       7.600131e+001       0.000000e+000
       7.700076e+001       0.000000e+000
       7.800021e+001       0.000000e+000
       7.900366e+001       0.000000e+000
       8.000311e+001       0.000000e+000
       8.100256e+001       0.000000e+000
       8.200201e+001       0.000000e+000
       8.300146e+001       0.000000e+000
       8.400092e+001       0.000000e+000
       8.500037e+001       0.000000e+000
       8.600381e+001       0.000000e+000
       8.700327e+001       0.000000e+000
       8.800272e+001       0.000000e+000
       8.900217e+001       0.000000e+000
       9.000162e+001       0.000000e+000
       9.100107e+001       0.000000e+000
       9.200052e+001       0.000000e+000
       9.300397e+001       0.000000e+000
       9.400342e+001       0.000000e+000
       9.500287e+001       0.000000e+000
       9.600232e+001       0.000000e+000
       9.700177e+001       0.000000e+000
       9.800122e+001       0.000000e+000
       9.900067e+001       0.000000e+000
       1.000001e+002       0.000000e+000
       1.010036e+002       1.602173e-004
       1.020030e+002       7.553101e-004
       1.030025e+002       1.602173e-003
       1.040019e+002       2.815247e-003
       1.050014e+002       4.302979e-003
       1.060008e+002       6.141663e-003
       1.070003e+002       8.422852e-003
       1.080037e+002       1.105499e-002
       1.090032e+002       1.389313e-002
       1.100026e+002       1.702118e-002
  