 1001Rotational A    8
passive-lower_limb2007                  
Rotational Angle_X[pat_COG]
Time
Title Rotational Angle_X[pat_COG]/Time
Abs_unit TI
Ord_unit AD
Maximum 0.875876
Minimum -0.134320
       0.000000e+000       0.000000e+000
       1.002158e+000      -9.481465e-003
       2.000441e+000       1.444665e-002
       3.000709e+000       4.383823e-002
       4.000865e+000       2.954260e-002
       5.002524e+000       1.908904e-002
       6.000101e+000       9.259726e-004
       7.000571e+000       1.653793e-002
       8.000127e+000       2.808282e-002
       9.000432e+000       3.493070e-002
       1.000054e+001       2.896769e-002
       1.100051e+001       2.351017e-004
       1.200089e+001      -1.784679e-002
       1.300083e+001      -8.828075e-003
       1.400311e+001       2.859348e-002
       1.500020e+001       6.697398e-002
       1.600125e+001       8.242374e-002
       1.700056e+001       8.337634e-002
       1.800121e+001       8.442085e-002
       1.900151e+001       8.230928e-002
       2.000105e+001       7.574730e-002
       2.100044e+001       5.108228e-002
       2.200099e+001       4.066751e-004
       2.300116e+001      -5.581944e-002
       2.400064e+001      -6.816233e-002
       2.500034e+001      -3.807816e-002
       2.600146e+001      -6.970053e-003
       2.700103e+001       2.323328e-002
       2.800091e+001       6.603959e-003
       2.900340e+001      -6.481216e-003
       3.000028e+001       8.715497e-004
       3.100138e+001       5.260252e-003
       3.200006e+001      -3.701041e-002
       3.300095e+001      -1.067881e-001
       3.400091e+001      -9.502643e-002
       3.500161e+001      -2.222205e-002
       3.600122e+001      -1.666033e-002
       3.700078e+001      -7.005890e-002
       3.800081e+001      -5.653169e-002
       3.900027e+001       3.288138e-002
       4.000249e+001       2.238997e-002
       4.100290e+001       2.845004e-003
       4.200330e+001      -4.250500e-002
       4.300165e+001      -4.408687e-002
       4.400062e+001      -6.735560e-003
       4.500074e+001       3.522604e-003
       4.600026e+001       2.850306e-002
       4.700004e+001       6.175991e-003
       4.800127e+001       3.170124e-002
       4.900168e+001       7.996184e-002
       5.000208e+001       7.217821e-002
       5.100223e+001       5.807880e-002
       5.200062e+001       1.633164e-002
       5.300097e+001       8.891081e-003
       5.400184e+001       3.171378e-002
       5.500219e+001       5.818114e-002
       5.600259e+001       9.327372e-002
       5.700299e+001       9.185779e-002
       5.800340e+001       4.548567e-002
       5.900050e+001       1.929089e-002
       6.000079e+001       2.897307e-002
       6.100155e+001       1.657242e-002
       6.200214e+001       4.964216e-002
       6.300151e+001       6.812519e-002
       6.400191e+001       1.101343e-002
       6.500137e+001       6.337798e-002
       6.600082e+001       7.679376e-002
       6.700193e+001       4.483812e-002
       6.800079e+001       4.881362e-002
       6.900008e+001       1.079735e-001
       7.000199e+001       1.176939e-001
       7.100006e+001       1.048263e-001
       7.200351e+001       1.475888e-001
       7.300296e+001       1.503693e-001
       7.400241e+001       1.367342e-001
       7.500186e+001       1.434976e-001
       7.600131e+001       1.418629e-001
       7.700076e+001       1.368412e-001
       7.800021e+001       1.655280e-001
       7.900366e+001       1.762614e-001
       8.000311e+001       1.664545e-001
       8.100256e+001       1.714273e-001
       8.200201e+001       1.806162e-001
       8.300146e+001       2.233141e-001
       8.400092e+001       2.374144e-001
       8.500037e+001       2.045203e-001
       8.600381e+001       1.610814e-001
       8.700327e+001       1.818115e-001
       8.800272e+001       2.006915e-001
       8.900217e+001       2.144029e-001
       9.000162e+001       2.121512e-001
       9.100107e+001       3.031547e-001
       9.200052e+001       2.556060e-001
       9.300397e+001       2.582172e-001
       9.400342e+001       2.282073e-001
       9.500287e+001       2.582169e-001
       9.600232e+001       2.796658e-001
       9.700177e+001       2.722938e-001
       9.800122e+001       2.590448e-001
       9.900067e+001       2.768697e-001
       1.000001e+002       3.025924e-001
       1.010036e+002       2.954425e-001
       1.020030e+002       2.847328e-001
       1.030025e+002       2.845102e-001
       1.040019e+002       3.077455e-001
       1.050014e+002       2.905875e-001
       1.060008e+002       2.888375e-001
       1.070003e+002       2.863342e-001
       1.080037e+002       3.069865e-001
       1.090032e+002       2.791947e-001
       1.100026e+002       2.978654e-001
     