 1001Rotational A    8
passive-lower_limb2007                  
Rotational Angle_Y[pat_COG]
Time
Title Rotational Angle_Y[pat_COG]/Time
Abs_unit TI
Ord_unit AD
Maximum 0.439188
Minimum -0.961166
       0.000000e+000       0.000000e+000
       1.002158e+000      -2.558037e-002
       2.000441e+000       3.275640e-002
       3.000709e+000       5.248715e-002
       4.000865e+000       5.447425e-002
       5.002524e+000       4.615483e-002
       6.000101e+000       1.726871e-002
       7.000571e+000       3.752132e-002
       8.000127e+000       4.775674e-002
       9.000432e+000       4.510166e-002
       1.000054e+001       1.713115e-002
       1.100051e+001      -1.104241e-002
       1.200089e+001      -1.235378e-002
       1.300083e+001      -1.423937e-002
       1.400311e+001      -1.460776e-002
       1.500020e+001      -2.447190e-002
       1.600125e+001      -3.835157e-002
       1.700056e+001      -4.155832e-002
       1.800121e+001      -4.285283e-002
       1.900151e+001      -6.403017e-002
       2.000105e+001      -8.495639e-002
       2.100044e+001      -8.061094e-002
       2.200099e+001      -4.331098e-002
       2.300116e+001       7.405488e-003
       2.400064e+001       4.443260e-002
       2.500034e+001       4.040356e-002
       2.600146e+001       8.666139e-003
       2.700103e+001      -3.168920e-002
       2.800091e+001      -5.245101e-002
       2.900340e+001      -9.673088e-003
       3.000028e+001       2.659658e-002
       3.100138e+001       2.561907e-003
       3.200006e+001      -5.285597e-002
       3.300095e+001      -5.129727e-002
       3.400091e+001      -4.092373e-002
       3.500161e+001      -8.929917e-002
       3.600122e+001      -1.357221e-001
       3.700078e+001      -1.059493e-001
       3.800081e+001      -6.096780e-002
       3.900027e+001      -1.102690e-001
       4.000249e+001      -1.201123e-001
       4.100290e+001      -6.742126e-002
       4.200330e+001      -1.147174e-001
       4.300165e+001      -7.931087e-002
       4.400062e+001      -5.344003e-002
       4.500074e+001      -8.266608e-002
       4.600026e+001      -1.156653e-001
       4.700004e+001      -1.169773e-001
       4.800127e+001      -1.676214e-001
       4.900168e+001      -1.729998e-001
       5.000208e+001      -1.088277e-001
       5.100223e+001      -1.146215e-001
       5.200062e+001      -1.515996e-001
       5.300097e+001      -1.900781e-001
       5.400184e+001      -1.911028e-001
       5.500219e+001      -1.451050e-001
       5.600259e+001      -1.423275e-001
       5.700299e+001      -1.845983e-001
       5.800340e+001      -1.516030e-001
       5.900050e+001      -1.328757e-001
       6.000079e+001      -1.693625e-001
       6.100155e+001      -1.917378e-001
       6.200214e+001      -2.209447e-001
       6.300151e+001      -1.949561e-001
       6.400191e+001      -1.662035e-001
       6.500137e+001      -1.973535e-001
       6.600082e+001      -1.810643e-001
       6.700193e+001      -1.503430e-001
       6.800079e+001      -1.446614e-001
       6.900008e+001      -1.430078e-001
       7.000199e+001      -9.655368e-002
       7.100006e+001      -8.193803e-002
       7.200351e+001      -1.205420e-001
       7.300296e+001      -1.630752e-001
       7.400241e+001      -1.403428e-001
       7.500186e+001      -1.531890e-001
       7.600131e+001      -1.555661e-001
       7.700076e+001      -1.450772e-001
       7.800021e+001      -1.213438e-001
       7.900366e+001      -1.201424e-001
       8.000311e+001      -1.224440e-001
       8.100256e+001      -1.202925e-001
       8.200201e+001      -8.166851e-002
       8.300146e+001      -2.367034e-002
       8.400092e+001      -2.681160e-003
       8.500037e+001      -1.407535e-002
       8.600381e+001      -1.099501e-002
       8.700327e+001       7.089830e-003
       8.800272e+001       2.013532e-002
       8.900217e+001      -4.958267e-003
       9.000162e+001       8.299661e-002
       9.100107e+001       1.042304e-001
       9.200052e+001       5.864684e-002
       9.300397e+001       1.182543e-001
       9.400342e+001       1.303457e-001
       9.500287e+001       1.115594e-001
       9.600232e+001       1.358976e-001
       9.700177e+001       1.060659e-001
       9.800122e+001       4.082710e-002
       9.900067e+001       4.666329e-002
       1.000001e+002       5.281245e-002
       1.010036e+002       3.676352e-002
       1.020030e+002       6.176141e-002
       1.030025e+002       1.189881e-001
       1.040019e+002       8.892112e-002
       1.050014e+002       1.292758e-001
       1.060008e+002       1.145300e-001
       1.070003e+002       1.497553e-001
       1.080037e+002       1.450985e-001
       1.090032e+002       1.428992e-001
       1.100026e+002       1.480687e-001
    