 1001Displacement    8
passive-lower_limb2007                  
Displacement_Z[pat_COG]
Time
Title Displacement_Z[pat_COG]/Time
Abs_unit TI
Ord_unit DS
Maximum 162.397736
Minimum -10.396149
       0.000000e+000       0.000000e+000
       1.002158e+000       3.595886e-001
       2.000441e+000      -3.085327e-001
       3.000709e+000      -5.257568e-001
       4.000865e+000      -1.184174e+000
       5.002524e+000      -1.400085e+000
       6.000101e+000      -1.371490e+000
       7.000571e+000      -2.407715e+000
       8.000127e+000      -3.131500e+000
       9.000432e+000      -3.836517e+000
       1.000054e+001      -4.232452e+000
       1.100051e+001      -4.481842e+000
       1.200089e+001      -5.307037e+000
       1.300083e+001      -5.330139e+000
       1.400311e+001      -5.468140e+000
       1.500020e+001      -5.608246e+000
       1.600125e+001      -5.373627e+000
       1.700056e+001      -5.147797e+000
       1.800121e+001      -4.888245e+000
       1.900151e+001      -4.597504e+000
       2.000105e+001      -4.418610e+000
       2.100044e+001      -4.977448e+000
       2.200099e+001      -5.532532e+000
       2.300116e+001      -5.721344e+000
       2.400064e+001      -6.097900e+000
       2.500034e+001      -5.981537e+000
       2.600146e+001      -6.019562e+000
       2.700103e+001      -7.030121e+000
       2.800091e+001      -8.787598e+000
       2.900340e+001      -9.730469e+000
       3.000028e+001      -1.039615e+001
       3.100138e+001      -1.014017e+001
       3.200006e+001      -1.036133e+001
       3.300095e+001      -1.014520e+001
       3.400091e+001      -9.528625e+000
       3.500161e+001      -8.229401e+000
       3.600122e+001      -7.955994e+000
       3.700078e+001      -7.509399e+000
       3.800081e+001      -6.410919e+000
       3.900027e+001      -6.424622e+000
       4.000249e+001      -6.710663e+000
       4.100290e+001      -7.435547e+000
       4.200330e+001      -7.245819e+000
       4.300165e+001      -7.421173e+000
       4.400062e+001      -7.000122e+000
       4.500074e+001      -5.959869e+000
       4.600026e+001      -5.874817e+000
       4.700004e+001      -6.239777e+000
       4.800127e+001      -6.690247e+000
       4.900168e+001      -7.673553e+000
       5.000208e+001      -8.588837e+000
       5.100223e+001      -9.255249e+000
       5.200062e+001      -9.050140e+000
       5.300097e+001      -7.906799e+000
       5.400184e+001      -7.138336e+000
       5.500219e+001      -7.681702e+000
       5.600259e+001      -7.886902e+000
       5.700299e+001      -8.088684e+000
       5.800340e+001      -8.041870e+000
       5.900050e+001      -8.372559e+000
       6.000079e+001      -7.795868e+000
       6.100155e+001      -5.427979e+000
       6.200214e+001      -4.549988e+000
       6.300151e+001      -5.397919e+000
       6.400191e+001      -6.573059e+000
       6.500137e+001      -6.692078e+000
       6.600082e+001      -6.209717e+000
       6.700193e+001      -4.831696e+000
       6.800079e+001      -3.313080e+000
       6.900008e+001      -2.472260e+000
       7.000199e+001      -1.629608e+000
       7.100006e+001      -1.716492e+000
       7.200351e+001      -1.981567e+000
       7.300296e+001      -2.469086e+000
       7.400241e+001      -2.495636e+000
       7.500186e+001      -1.732544e+000
       7.600131e+001      -1.102295e+000
       7.700076e+001      -3.516541e-001
       7.800021e+001       1.349487e-001
       7.900366e+001       3.882446e-001
       8.000311e+001       1.406891e+000
       8.100256e+001       2.514618e+000
       8.200201e+001       3.219757e+000
       8.300146e+001       3.471283e+000
       8.400092e+001       4.816620e+000
       8.500037e+001       6.154877e+000
       8.600381e+001       7.133698e+000
       8.700327e+001       7.717926e+000
       8.800272e+001       8.400146e+000
       8.900217e+001       9.204376e+000
       9.000162e+001       1.092242e+001
       9.100107e+001       1.203650e+001
       9.200052e+001       1.218445e+001
       9.300397e+001       1.181082e+001
       9.400342e+001       1.159793e+001
       9.500287e+001       1.222522e+001
       9.600232e+001       1.286349e+001
       9.700177e+001       1.305966e+001
       9.800122e+001       1.321930e+001
       9.900067e+001       1.380399e+001
       1.000001e+002       1.438065e+001
       1.010036e+002       1.506583e+001
       1.020030e+002       1.600745e+001
       1.030025e+002       1.668939e+001
       1.040019e+002       1.678671e+001
       1.050014e+002       1.732339e+001
       1.060008e+002       1.825320e+001
       1.070003e+002       1.872525e+001
       1.080037e+002       1.952939e+001
       1.090032e+002       2.014948e+001
       1.100026e+002       2.114383e+001
     