 1001Displacement    8
passive-lower_limb2007                  
Displacement_Y[pat_COG]
Time
Title Displacement_Y[pat_COG]/Time
Abs_unit TI
Ord_unit DS
Maximum 24.375984
Minimum -1.347618
       0.000000e+000       0.000000e+000
       1.002158e+000       6.811676e-001
       2.000441e+000       7.182617e-001
       3.000709e+000       4.236069e-001
       4.000865e+000       5.541763e-001
       5.002524e+000       1.171394e+000
       6.000101e+000       1.981140e+000
       7.000571e+000       2.178177e+000
       8.000127e+000       2.387207e+000
       9.000432e+000       2.516769e+000
       1.000054e+001       2.640305e+000
       1.100051e+001       2.665916e+000
       1.200089e+001       2.653595e+000
       1.300083e+001       2.733345e+000
       1.400311e+001       2.777969e+000
       1.500020e+001       2.836388e+000
       1.600125e+001       2.865532e+000
       1.700056e+001       2.926598e+000
       1.800121e+001       3.275459e+000
       1.900151e+001       3.640205e+000
       2.000105e+001       3.841980e+000
       2.100044e+001       3.608688e+000
       2.200099e+001       2.778000e+000
       2.300116e+001       1.805664e+000
       2.400064e+001       1.214760e+000
       2.500034e+001       1.338928e+000
       2.600146e+001       1.734810e+000
       2.700103e+001       1.975159e+000
       2.800091e+001       1.922127e+000
       2.900340e+001       2.099594e+000
       3.000028e+001       2.798317e+000
       3.100138e+001       3.050690e+000
       3.200006e+001       1.989883e+000
       3.300095e+001       1.160294e+000
       3.400091e+001       8.627701e-001
       3.500161e+001       1.131973e+000
       3.600122e+001       8.372040e-001
       3.700078e+001       7.617493e-001
       3.800081e+001       1.172630e+000
       3.900027e+001       1.968689e+000
       4.000249e+001       2.271484e+000
       4.100290e+001       6.536179e-001
       4.200330e+001      -4.239655e-001
       4.300165e+001      -1.347618e+000
       4.400062e+001      -1.067741e+000
       4.500074e+001       3.674164e-001
       4.600026e+001       1.500175e+000
       4.700004e+001       2.702347e+000
       4.800127e+001       3.651184e+000
       4.900168e+001       4.544952e+000
       5.000208e+001       4.314087e+000
       5.100223e+001       4.030159e+000
       5.200062e+001       3.180054e+000
       5.300097e+001       2.791626e+000
       5.400184e+001       2.967995e+000
       5.500219e+001       3.408035e+000
       5.600259e+001       3.384537e+000
       5.700299e+001       3.388290e+000
       5.800340e+001       3.476906e+000
       5.900050e+001       3.001839e+000
       6.000079e+001       2.771439e+000
       6.100155e+001       2.913040e+000
       6.200214e+001       3.890610e+000
       6.300151e+001       4.576622e+000
       6.400191e+001       4.339279e+000
       6.500137e+001       3.840706e+000
       6.600082e+001       4.275230e+000
       6.700193e+001       4.834206e+000
       6.800079e+001       5.726265e+000
       6.900008e+001       6.345116e+000
       7.000199e+001       5.628845e+000
       7.100006e+001       4.691124e+000
       7.200351e+001       4.408966e+000
       7.300296e+001       5.016876e+000
       7.400241e+001       5.706116e+000
       7.500186e+001       5.898300e+000
       7.600131e+001       5.461365e+000
       7.700076e+001       5.145401e+000
       7.800021e+001       5.081917e+000
       7.900366e+001       5.719772e+000
       8.000311e+001       6.003288e+000
       8.100256e+001       6.454285e+000
       8.200201e+001       6.995399e+000
       8.300146e+001       7.795746e+000
       8.400092e+001       8.561356e+000
       8.500037e+001       9.622383e+000
       8.600381e+001       9.945351e+000
       8.700327e+001       1.098673e+001
       8.800272e+001       1.160665e+001
       8.900217e+001       1.131310e+001
       9.000162e+001       1.274644e+001
       9.100107e+001       1.327766e+001
       9.200052e+001       1.294302e+001
       9.300397e+001       1.295883e+001
       9.400342e+001       1.249253e+001
       9.500287e+001       1.244025e+001
       9.600232e+001       1.277194e+001
       9.700177e+001       1.269749e+001
       9.800122e+001       1.269010e+001
       9.900067e+001       1.278606e+001
       1.000001e+002       1.319900e+001
       1.010036e+002       1.339181e+001
       1.020030e+002       1.365340e+001
       1.030025e+002       1.316258e+001
       1.040019e+002       1.288582e+001
       1.050014e+002       1.341602e+001
       1.060008e+002       1.402218e+001
       1.070003e+002       1.415658e+001
       1.080037e+002       1.369194e+001
       1.090032e+002       1.434423e+001
       1.100026e+002       1.462819e+001
    