 1001Rotational A    8
passive-lower_limb2007                  
Rotational Angle_Z[pat_COG]
Time
Title Rotational Angle_Z[pat_COG]/Time
Abs_unit TI
Ord_unit AD
Maximum 0.918619
Minimum -0.481187
       0.000000e+000       0.000000e+000
       1.002158e+000      -1.328365e-002
       2.000441e+000      -4.810470e-002
       3.000709e+000      -2.573054e-002
       4.000865e+000      -1.358541e-001
       5.002524e+000      -2.150494e-002
       6.000101e+000      -1.218996e-001
       7.000571e+000      -9.245845e-002
       8.000127e+000      -1.627234e-001
       9.000432e+000      -1.639124e-001
       1.000054e+001      -1.315398e-001
       1.100051e+001      -1.640006e-001
       1.200089e+001      -1.654389e-001
       1.300083e+001      -1.734532e-001
       1.400311e+001      -1.731163e-001
       1.500020e+001      -1.803971e-001
       1.600125e+001      -1.957156e-001
       1.700056e+001      -1.914827e-001
       1.800121e+001      -1.861366e-001
       1.900151e+001      -2.026370e-001
       2.000105e+001      -2.227139e-001
       2.100044e+001      -2.273368e-001
       2.200099e+001      -1.652798e-001
       2.300116e+001      -1.506165e-001
       2.400064e+001      -1.111168e-001
       2.500034e+001      -1.206703e-001
       2.600146e+001      -1.366240e-001
       2.700103e+001      -1.697973e-001
       2.800091e+001      -1.674552e-001
       2.900340e+001      -1.809158e-001
       3.000028e+001      -2.147612e-001
       3.100138e+001      -2.361301e-001
       3.200006e+001      -1.995309e-001
       3.300095e+001      -1.576636e-001
       3.400091e+001      -1.181906e-001
       3.500161e+001      -1.295527e-001
       3.600122e+001      -9.868176e-002
       3.700078e+001      -1.126910e-001
       3.800081e+001      -1.250437e-001
       3.900027e+001      -1.177447e-001
       4.000249e+001      -1.939654e-001
       4.100290e+001      -1.443885e-001
       4.200330e+001      -6.995094e-002
       4.300165e+001      -4.248893e-002
       4.400062e+001      -6.327113e-002
       4.500074e+001      -8.974212e-002
       4.600026e+001      -1.294583e-001
       4.700004e+001      -1.871548e-001
       4.800127e+001      -2.161066e-001
       4.900168e+001      -2.806758e-001
       5.000208e+001      -2.665265e-001
       5.100223e+001      -2.786170e-001
       5.200062e+001      -2.475767e-001
       5.300097e+001      -1.932497e-001
       5.400184e+001      -2.084656e-001
       5.500219e+001      -2.103895e-001
       5.600259e+001      -2.378526e-001
       5.700299e+001      -2.624592e-001
       5.800340e+001      -2.184844e-001
       5.900050e+001      -2.026383e-001
       6.000079e+001      -2.317937e-001
       6.100155e+001      -1.834956e-001
       6.200214e+001      -2.346025e-001
       6.300151e+001      -2.742621e-001
       6.400191e+001      -2.011844e-001
       6.500137e+001      -2.546431e-001
       6.600082e+001      -2.491203e-001
       6.700193e+001      -2.566164e-001
       6.800079e+001      -2.667326e-001
       6.900008e+001      -2.798221e-001
       7.000199e+001      -2.510918e-001
       7.100006e+001      -2.189817e-001
       7.200351e+001      -2.205898e-001
       7.300296e+001      -2.178407e-001
       7.400241e+001      -2.819361e-001
       7.500186e+001      -3.101423e-001
       7.600131e+001      -2.814771e-001
       7.700076e+001      -1.997987e-001
       7.800021e+001      -2.549002e-001
       7.900366e+001      -2.621370e-001
       8.000311e+001      -2.439570e-001
       8.100256e+001      -2.761601e-001
       8.200201e+001      -2.814289e-001
       8.300146e+001      -2.989287e-001
       8.400092e+001      -3.209921e-001
       8.500037e+001      -3.469853e-001
       8.600381e+001      -3.932136e-001
       8.700327e+001      -4.263347e-001
       8.800272e+001      -4.272417e-001
       8.900217e+001      -3.837470e-001
       9.000162e+001      -4.357209e-001
       9.100107e+001      -4.267634e-001
       9.200052e+001      -4.136419e-001
       9.300397e+001      -4.361608e-001
       9.400342e+001      -3.837528e-001
       9.500287e+001      -4.117946e-001
       9.600232e+001      -3.967239e-001
       9.700177e+001      -4.354560e-001
       9.800122e+001      -4.265535e-001
       9.900067e+001      -4.218039e-001
       1.000001e+002      -4.578690e-001
       1.010036e+002      -4.670142e-001
       1.020030e+002      -4.618830e-001
       1.030025e+002      -4.469168e-001
       1.040019e+002      -3.365031e-001
       1.050014e+002      -3.953935e-001
       1.060008e+002      -4.301424e-001
       1.070003e+002      -4.703944e-001
       1.080037e+002      -4.208480e-001
       1.090032e+002      -4.811866e-001
       1.100026e+002      -4.686453e-001
    