 1001Displacement    8
passive-lower_limb2007                  
Displacement_X[pat_COG]
Time
Title Displacement_X[pat_COG]/Time
Abs_unit TI
Ord_unit DS
Maximum 243.265106
Minimum -12.644322
       0.000000e+000       0.000000e+000
       1.002158e+000      -1.954988e+000
       2.000441e+000      -1.929693e+000
       3.000709e+000      -1.332194e+000
       4.000865e+000      -2.477080e+000
       5.002524e+000      -1.138451e+000
       6.000101e+000      -1.732822e+000
       7.000571e+000      -1.336111e+000
       8.000127e+000      -1.563681e+000
       9.000432e+000      -1.485077e+000
       1.000054e+001      -1.519017e+000
       1.100051e+001      -1.462214e+000
       1.200089e+001      -1.223384e+000
       1.300083e+001      -1.504438e+000
       1.400311e+001      -1.337488e+000
       1.500020e+001      -1.424919e+000
       1.600125e+001      -1.509418e+000
       1.700056e+001      -1.300134e+000
       1.800121e+001      -1.303467e+000
       1.900151e+001      -1.162526e+000
       2.000105e+001      -9.576054e-001
       2.100044e+001      -1.060358e+000
       2.200099e+001      -1.278974e+000
       2.300116e+001      -1.611465e+000
       2.400064e+001      -1.830122e+000
       2.500034e+001      -1.798516e+000
       2.600146e+001      -1.693425e+000
       2.700103e+001      -1.590609e+000
       2.800091e+001      -1.533239e+000
       2.900340e+001      -1.637912e+000
       3.000028e+001      -1.665616e+000
       3.100138e+001      -1.557421e+000
       3.200006e+001      -1.492651e+000
       3.300095e+001      -1.621747e+000
       3.400091e+001      -1.602375e+000
       3.500161e+001      -1.424853e+000
       3.600122e+001      -1.131999e+000
       3.700078e+001      -1.375994e+000
       3.800081e+001      -1.520570e+000
       3.900027e+001      -9.961615e-001
       4.000249e+001      -1.069885e+000
       4.100290e+001      -1.176589e+000
       4.200330e+001      -1.335605e+000
       4.300165e+001      -1.595152e+000
       4.400062e+001      -1.779856e+000
       4.500074e+001      -1.168088e+000
       4.600026e+001      -1.038285e+000
       4.700004e+001      -7.636418e-001
       4.800127e+001      -2.646050e-001
       4.900168e+001      -2.716312e-001
       5.000208e+001      -6.130075e-001
       5.100223e+001      -7.653532e-001
       5.200062e+001      -6.665339e-001
       5.300097e+001      -4.308391e-001
       5.400184e+001      -5.794411e-001
       5.500219e+001      -6.938515e-001
       5.600259e+001      -6.918049e-001
       5.700299e+001      -5.607276e-001
       5.800340e+001      -5.050502e-001
       5.900050e+001      -7.964530e-001
       6.000079e+001      -7.466784e-001
       6.100155e+001      -4.755592e-001
       6.200214e+001      -5.197382e-002
       6.300151e+001      -1.706243e-001
       6.400191e+001       2.503915e-001
       6.500137e+001       5.194998e-001
       6.600082e+001      -9.988880e-002
       6.700193e+001       2.253728e-001
       6.800079e+001       2.249417e-001
       6.900008e+001       5.220079e-002
       7.000199e+001      -3.168483e-001
       7.100006e+001      -3.128424e-001
       7.200351e+001      -8.126116e-001
       7.300296e+001      -1.572018e-001
       7.400241e+001       1.034522e-001
       7.500186e+001      -6.786823e-003
       7.600131e+001      -2.607036e-001
       7.700076e+001      -3.930264e-001
       7.800021e+001      -7.159314e-001
       7.900366e+001      -6.203065e-001
       8.000311e+001      -2.915959e-001
       8.100256e+001      -1.903439e-002
       8.200201e+001       4.322529e-002
       8.300146e+001      -2.084217e-001
       8.400092e+001      -1.396017e-001
       8.500037e+001      -5.857868e-001
       8.600381e+001      -2.312980e-001
       8.700327e+001      -2.815962e-002
       8.800272e+001      -1.728067e-001
       8.900217e+001      -4.615159e-001
       9.000162e+001      -6.378741e-001
       9.100107e+001      -5.061331e-001
       9.200052e+001      -1.001372e+000
       9.300397e+001      -6.526976e-001
       9.400342e+001      -8.420210e-001
       9.500287e+001      -6.852593e-001
       9.600232e+001      -9.641633e-001
       9.700177e+001      -1.193774e+000
       9.800122e+001      -1.352138e+000
       9.900067e+001      -1.032846e+000
       1.000001e+002      -1.376677e+000
       1.010036e+002      -1.888579e+000
       1.020030e+002      -1.357609e+000
       1.030025e+002      -2.402262e+000
       1.040019e+002      -2.683372e+000
       1.050014e+002      -2.559849e+000
       1.060008e+002      -2.530050e+000
       1.070003e+002      -2.751464e+000
       1.080037e+002      -2.946103e+000
       1.090032e+002      -3.085452e+000
       1.100026e+002      -3.190665e+000
   