 1001Displacement    8
passive-lower_limb2007                  
Displacement_X[patella_COG]
Time
Title Displacement_X[patella_COG]/Time
Abs_unit TI
Ord_unit DS
Maximum 242.368652
Minimum -11.256559
       0.000000e+000       0.000000e+000
       1.002158e+000      -2.035649e+000
       2.000441e+000      -1.836130e+000
       3.000709e+000      -1.172182e+000
       4.000865e+000      -2.338126e+000
       5.002524e+000      -1.000687e+000
       6.000101e+000      -1.700860e+000
       7.000571e+000      -1.239256e+000
       8.000127e+000      -1.445535e+000
       9.000432e+000      -1.375800e+000
       1.000054e+001      -1.490044e+000
       1.100051e+001      -1.522597e+000
       1.200089e+001      -1.288081e+000
       1.300083e+001      -1.574802e+000
       1.400311e+001      -1.409629e+000
       1.500020e+001      -1.526807e+000
       1.600125e+001      -1.657074e+000
       1.700056e+001      -1.456028e+000
       1.800121e+001      -1.461675e+000
       1.900151e+001      -1.387784e+000
       2.000105e+001      -1.249211e+000
       2.100044e+001      -1.339859e+000
       2.200099e+001      -1.442378e+000
       2.300116e+001      -1.622146e+000
       2.400064e+001      -1.731626e+000
       2.500034e+001      -1.712059e+000
       2.600146e+001      -1.704521e+000
       2.700103e+001      -1.727024e+000
       2.800091e+001      -1.731157e+000
       2.900340e+001      -1.707897e+000
       3.000028e+001      -1.626759e+000
       3.100138e+001      -1.592447e+000
       3.200006e+001      -1.692057e+000
       3.300095e+001      -1.817566e+000
       3.400091e+001      -1.776522e+000
       3.500161e+001      -1.740880e+000
       3.600122e+001      -1.577840e+000
       3.700078e+001      -1.738247e+000
       3.800081e+001      -1.751245e+000
       3.900027e+001      -1.368937e+000
       4.000249e+001      -1.489130e+000
       4.100290e+001      -1.437145e+000
       4.200330e+001      -1.728569e+000
       4.300165e+001      -1.883280e+000
       4.400062e+001      -1.998444e+000
       4.500074e+001      -1.477879e+000
       4.600026e+001      -1.453611e+000
       4.700004e+001      -1.190502e+000
       4.800127e+001      -8.382149e-001
       4.900168e+001      -8.676686e-001
       5.000208e+001      -1.025935e+000
       5.100223e+001      -1.195972e+000
       5.200062e+001      -1.198204e+000
       5.300097e+001      -1.069824e+000
       5.400184e+001      -1.221995e+000
       5.500219e+001      -1.208668e+000
       5.600259e+001      -1.202711e+000
       5.700299e+001      -1.194035e+000
       5.800340e+001      -1.039182e+000
       5.900050e+001      -1.277225e+000
       6.000079e+001      -1.332111e+000
       6.100155e+001      -1.119405e+000
       6.200214e+001      -7.807851e-001
       6.300151e+001      -8.296304e-001
       6.400191e+001      -3.258748e-001
       6.500137e+001      -1.464934e-001
       6.600082e+001      -7.220440e-001
       6.700193e+001      -3.130527e-001
       6.800079e+001      -2.970681e-001
       6.900008e+001      -4.629064e-001
       7.000199e+001      -6.932039e-001
       7.100006e+001      -6.393337e-001
       7.200351e+001      -1.253716e+000
       7.300296e+001      -7.157850e-001
       7.400241e+001      -4.129848e-001
       7.500186e+001      -5.651321e-001
       7.600131e+001      -8.186302e-001
       7.700076e+001      -8.966274e-001
       7.800021e+001      -1.171889e+000
       7.900366e+001      -1.076577e+000
       8.000311e+001      -7.476702e-001
       8.100256e+001      -4.807162e-001
       8.200201e+001      -3.101902e-001
       8.300146e+001      -4.002328e-001
       8.400092e+001      -2.812247e-001
       8.500037e+001      -7.739120e-001
       8.600381e+001      -4.205804e-001
       8.700327e+001      -1.694899e-001
       8.800272e+001      -2.753410e-001
       8.900217e+001      -6.230555e-001
       9.000162e+001      -5.499687e-001
       9.100107e+001      -3.476610e-001
       9.200052e+001      -9.725246e-001
       9.300397e+001      -4.513679e-001
       9.400342e+001      -5.800285e-001
       9.500287e+001      -4.913478e-001
       9.600232e+001      -6.884065e-001
       9.700177e+001      -1.028609e+000
       9.800122e+001      -1.379563e+000
       9.900067e+001      -1.038866e+000
       1.000001e+002      -1.381546e+000
       1.010036e+002      -1.946089e+000
       1.020030e+002      -1.337766e+000
       1.030025e+002      -2.201279e+000
       1.040019e+002      -2.511162e+000
       1.050014e+002      -2.301427e+000
       1.060008e+002      -2.335139e+000
       1.070003e+002      -2.469122e+000
       1.080037e+002      -2.649732e+000
       1.090032e+002      -2.825436e+000
       1.100026e+002      -2.905988e+000
   