 1001Displacement    8
passive-lower_limb2007                  
Displacement_Z[patella_I]
Time
Title Displacement_Z[patella_I]/Time
Abs_unit TI
Ord_unit DS
Maximum 162.545151
Minimum -10.402161
       0.000000e+000       0.000000e+000
       1.002158e+000       3.437195e-001
       2.000441e+000      -2.874756e-001
       3.000709e+000      -5.242920e-001
       4.000865e+000      -1.163239e+000
       5.002524e+000      -1.373474e+000
       6.000101e+000      -1.352478e+000
       7.000571e+000      -2.385925e+000
       8.000127e+000      -3.112518e+000
       9.000432e+000      -3.828217e+000
       1.000054e+001      -4.247192e+000
       1.100051e+001      -4.497101e+000
       1.200089e+001      -5.305725e+000
       1.300083e+001      -5.340057e+000
       1.400311e+001      -5.518402e+000
       1.500020e+001      -5.715118e+000
       1.600125e+001      -5.517426e+000
       1.700056e+001      -5.296906e+000
       1.800121e+001      -5.040375e+000
       1.900151e+001      -4.775757e+000
       2.000105e+001      -4.619293e+000
       2.100044e+001      -5.143280e+000
       2.200099e+001      -5.591980e+000
       2.300116e+001      -5.664398e+000
       2.400064e+001      -5.990845e+000
       2.500034e+001      -5.906921e+000
       2.600146e+001      -6.010468e+000
       2.700103e+001      -7.102234e+000
       2.800091e+001      -8.868469e+000
       2.900340e+001      -9.743317e+000
       3.000028e+001      -1.037473e+001
       3.100138e+001      -1.015128e+001
       3.200006e+001      -1.040216e+001
       3.300095e+001      -1.012390e+001
       3.400091e+001      -9.503784e+000
       3.500161e+001      -8.337189e+000
       3.600122e+001      -8.138123e+000
       3.700078e+001      -7.593689e+000
       3.800081e+001      -6.447388e+000
       3.900027e+001      -6.626312e+000
       4.000249e+001      -6.917328e+000
       4.100290e+001      -7.545532e+000
       4.200330e+001      -7.373444e+000
       4.300165e+001      -7.499237e+000
       4.400062e+001      -7.091278e+000
       4.500074e+001      -6.101074e+000
       4.600026e+001      -6.093262e+000
       4.700004e+001      -6.435150e+000
       4.800127e+001      -6.996429e+000
       4.900168e+001      -8.041077e+000
       5.000208e+001      -8.835876e+000
       5.100223e+001      -9.497284e+000
       5.200062e+001      -9.310852e+000
       5.300097e+001      -8.229156e+000
       5.400184e+001      -7.486084e+000
       5.500219e+001      -7.978333e+000
       5.600259e+001      -8.218903e+000
       5.700299e+001      -8.492340e+000
       5.800340e+001      -8.335052e+000
       5.900050e+001      -8.606537e+000
       6.000079e+001      -8.102173e+000
       6.100155e+001      -5.760834e+000
       6.200214e+001      -4.972382e+000
       6.300151e+001      -5.787964e+000
       6.400191e+001      -6.851929e+000
       6.500137e+001      -7.081696e+000
       6.600082e+001      -6.585480e+000
       6.700193e+001      -5.119141e+000
       6.800079e+001      -3.594421e+000
       6.900008e+001      -2.811371e+000
       7.000199e+001      -1.901825e+000
       7.100006e+001      -1.950409e+000
       7.200351e+001      -2.331207e+000
       7.300296e+001      -2.895630e+000
       7.400241e+001      -2.866119e+000
       7.500186e+001      -2.133606e+000
       7.600131e+001      -1.505707e+000
       7.700076e+001      -7.311096e-001
       7.800021e+001      -2.427063e-001
       7.900366e+001      -2.319336e-003
       8.000311e+001       1.025482e+000
       8.100256e+001       2.130402e+000
       8.200201e+001       2.887238e+000
       8.300146e+001       3.170013e+000
       8.400092e+001       4.525116e+000
       8.500037e+001       5.890015e+000
       8.600381e+001       6.927032e+000
       8.700327e+001       7.516937e+000
       8.800272e+001       8.197632e+000
       8.900217e+001       8.947784e+000
       9.000162e+001       1.079376e+001
       9.100107e+001       1.181522e+001
       9.200052e+001       1.197055e+001
       9.300397e+001       1.167145e+001
       9.400342e+001       1.151291e+001
       9.500287e+001       1.207892e+001
       9.600232e+001       1.271542e+001
       9.700177e+001       1.288672e+001
       9.800122e+001       1.297842e+001
       9.900067e+001       1.354788e+001
       1.000001e+002       1.409766e+001
       1.010036e+002       1.477029e+001
       1.020030e+002       1.576297e+001
       1.030025e+002       1.652197e+001
       1.040019e+002       1.654895e+001
       1.050014e+002       1.715765e+001
       1.060008e+002       1.807175e+001
       1.070003e+002       1.858954e+001
       1.080037e+002       1.936072e+001
       1.090032e+002       2.001907e+001
       1.100026e+002       2.099561e+001
   