 1001Displacement    8
passive-lower_limb2007                  
Displacement_Z[patella_COG]
Time
Title Displacement_Z[patella_COG]/Time
Abs_unit TI
Ord_unit DS
Maximum 162.480667
Minimum -10.426849
       0.000000e+000       0.000000e+000
       1.002158e+000       3.348083e-001
       2.000441e+000      -2.785645e-001
       3.000709e+000      -4.862976e-001
       4.000865e+000      -1.139740e+000
       5.002524e+000      -1.360229e+000
       6.000101e+000      -1.355011e+000
       7.000571e+000      -2.374878e+000
       8.000127e+000      -3.091248e+000
       9.000432e+000      -3.799744e+000
       1.000054e+001      -4.220459e+000
       1.100051e+001      -4.494904e+000
       1.200089e+001      -5.321136e+000
       1.300083e+001      -5.346252e+000
       1.400311e+001      -5.487610e+000
       1.500020e+001      -5.644897e+000
       1.600125e+001      -5.429718e+000
       1.700056e+001      -5.207733e+000
       1.800121e+001      -4.949921e+000
       1.900151e+001      -4.683533e+000
       2.000105e+001      -4.529266e+000
       2.100044e+001      -5.078217e+000
       2.200099e+001      -5.583435e+000
       2.300116e+001      -5.718597e+000
       2.400064e+001      -6.061462e+000
       2.500034e+001      -5.947235e+000
       2.600146e+001      -6.016357e+000
       2.700103e+001      -7.072784e+000
       2.800091e+001      -8.852448e+000
       2.900340e+001      -9.746521e+000
       3.000028e+001      -1.037622e+001
       3.100138e+001      -1.014413e+001
       3.200006e+001      -1.042685e+001
       3.300095e+001      -1.021777e+001
       3.400091e+001      -9.587219e+000
       3.500161e+001      -8.343384e+000
       3.600122e+001      -8.133057e+000
       3.700078e+001      -7.644928e+000
       3.800081e+001      -6.488251e+000
       3.900027e+001      -6.573547e+000
       4.000249e+001      -6.874115e+000
       4.100290e+001      -7.527130e+000
       4.200330e+001      -7.395996e+000
       4.300165e+001      -7.524506e+000
       4.400062e+001      -7.078735e+000
       4.500074e+001      -6.077087e+000
       4.600026e+001      -6.042358e+000
       4.700004e+001      -6.406128e+000
       4.800127e+001      -6.934418e+000
       4.900168e+001      -7.931519e+000
       5.000208e+001      -8.750031e+000
       5.100223e+001      -9.423401e+000
       5.200062e+001      -9.269897e+000
       5.300097e+001      -8.187531e+000
       5.400184e+001      -7.422089e+000
       5.500219e+001      -7.896790e+000
       5.600259e+001      -8.103760e+000
       5.700299e+001      -8.370789e+000
       5.800340e+001      -8.265106e+000
       5.900050e+001      -8.566040e+000
       6.000079e+001      -8.045532e+000
       6.100155e+001      -5.712433e+000
       6.200214e+001      -4.886719e+000
       6.300151e+001      -5.691010e+000
       6.400191e+001      -6.817383e+000
       6.500137e+001      -6.989777e+000
       6.600082e+001      -6.483276e+000
       6.700193e+001      -5.055237e+000
       6.800079e+001      -3.527710e+000
       6.900008e+001      -2.688446e+000
       7.000199e+001      -1.781036e+000
       7.100006e+001      -1.845367e+000
       7.200351e+001      -2.177643e+000
       7.300296e+001      -2.729614e+000
       7.400241e+001      -2.717957e+000
       7.500186e+001      -1.975647e+000
       7.600131e+001      -1.348602e+000
       7.700076e+001      -5.809937e-001
       7.800021e+001      -6.970215e-002
       7.900366e+001       1.807251e-001
       8.000311e+001       1.199707e+000
       8.100256e+001       2.308868e+000
       8.200201e+001       3.064423e+000
       8.300146e+001       3.370941e+000
       8.400092e+001       4.733124e+000
       8.500037e+001       6.071777e+000
       8.600381e+001       7.067413e+000
       8.700327e+001       7.668610e+000
       8.800272e+001       8.360809e+000
       8.900217e+001       9.133362e+000
       9.000162e+001       1.094238e+001
       9.100107e+001       1.203470e+001
       9.200052e+001       1.216702e+001
       9.300397e+001       1.184457e+001
       9.400342e+001       1.165378e+001
       9.500287e+001       1.225439e+001
       9.600232e+001       1.290012e+001
       9.700177e+001       1.307736e+001
       9.800122e+001       1.318411e+001
       9.900067e+001       1.376666e+001
       1.000001e+002       1.433624e+001
       1.010036e+002       1.500931e+001
       1.020030e+002       1.598145e+001
       1.030025e+002       1.671393e+001
       1.040019e+002       1.677347e+001
       1.050014e+002       1.735165e+001
       1.060008e+002       1.827097e+001
       1.070003e+002       1.877060e+001
       1.080037e+002       1.956097e+001
       1.090032e+002       2.019507e+001
       1.100026e+002       2.118460e+001
    