 1001Displacement    8
passive-lower_limb2007                  
Displacement_Z[patella_J]
Time
Title Displacement_Z[patella_J]/Time
Abs_unit TI
Ord_unit DS
Maximum 162.391708
Minimum -10.396729
       0.000000e+000       0.000000e+000
       1.002158e+000       3.605957e-001
       2.000441e+000      -3.126221e-001
       3.000709e+000      -5.409241e-001
       4.000865e+000      -1.195129e+000
       5.002524e+000      -1.406921e+000
       6.000101e+000      -1.371582e+000
       7.000571e+000      -2.412811e+000
       8.000127e+000      -3.140900e+000
       9.000432e+000      -3.847626e+000
       1.000054e+001      -4.239838e+000
       1.100051e+001      -4.482391e+000
       1.200089e+001      -5.304474e+000
       1.300083e+001      -5.329163e+000
       1.400311e+001      -5.475983e+000
       1.500020e+001      -5.630310e+000
       1.600125e+001      -5.404053e+000
       1.700056e+001      -5.179138e+000
       1.800121e+001      -4.920258e+000
       1.900151e+001      -4.632751e+000
       2.000105e+001      -4.456665e+000
       2.100044e+001      -5.004669e+000
       2.200099e+001      -5.537140e+000
       2.300116e+001      -5.714661e+000
       2.400064e+001      -6.092834e+000
       2.500034e+001      -5.977478e+000
       2.600146e+001      -6.018433e+000
       2.700103e+001      -7.038849e+000
       2.800091e+001      -8.795532e+000
       2.900340e+001      -9.730042e+000
       3.000028e+001      -1.039673e+001
       3.100138e+001      -1.014172e+001
       3.200006e+001      -1.036270e+001
       3.300095e+001      -1.014633e+001
       3.400091e+001      -9.526947e+000
       3.500161e+001      -8.242523e+000
       3.600122e+001      -7.987701e+000
       3.700078e+001      -7.523865e+000
       3.800081e+001      -6.412842e+000
       3.900027e+001      -6.458557e+000
       4.000249e+001      -6.745972e+000
       4.100290e+001      -7.448364e+000
       4.200330e+001      -7.266174e+000
       4.300165e+001      -7.429565e+000
       4.400062e+001      -7.009430e+000
       4.500074e+001      -5.979156e+000
       4.600026e+001      -5.913208e+000
       4.700004e+001      -6.272675e+000
       4.800127e+001      -6.755798e+000
       4.900168e+001      -7.758514e+000
       5.000208e+001      -8.636200e+000
       5.100223e+001      -9.300446e+000
       5.200062e+001      -9.102264e+000
       5.300097e+001      -7.981140e+000
       5.400184e+001      -7.218903e+000
       5.500219e+001      -7.743042e+000
       5.600259e+001      -7.960632e+000
       5.700299e+001      -8.186523e+000
       5.800340e+001      -8.102417e+000
       5.900050e+001      -8.416077e+000
       6.000079e+001      -7.862000e+000
       6.100155e+001      -5.505219e+000
       6.200214e+001      -4.657440e+000
       6.300151e+001      -5.491364e+000
       6.400191e+001      -6.632355e+000
       6.500137e+001      -6.785736e+000
       6.600082e+001      -6.297638e+000
       6.700193e+001      -4.890686e+000
       6.800079e+001      -3.369904e+000
       6.900008e+001      -2.548920e+000
       7.000199e+001      -1.688690e+000
       7.100006e+001      -1.764069e+000
       7.200351e+001      -2.066833e+000
       7.300296e+001      -2.578857e+000
       7.400241e+001      -2.585266e+000
       7.500186e+001      -1.833008e+000
       7.600131e+001      -1.203308e+000
       7.700076e+001      -4.442444e-001
       7.800021e+001       3.717041e-002
       7.900366e+001       2.839661e-001
       8.000311e+001       1.307800e+000
       8.100256e+001       2.413452e+000
       8.200201e+001       3.129517e+000
       8.300146e+001       3.368042e+000
       8.400092e+001       4.706024e+000
       8.500037e+001       6.066864e+000
       8.600381e+001       7.074799e+000
       8.700327e+001       7.650940e+000
       8.800272e+001       8.323334e+000
       8.900217e+001       9.112640e+000
       9.000162e+001       1.084131e+001
       9.100107e+001       1.187631e+001
       9.200052e+001       1.206885e+001
       9.300397e+001       1.169122e+001
       9.400342e+001       1.150092e+001
       9.500287e+001       1.210648e+001
       9.600232e+001       1.272186e+001
       9.700177e+001       1.292883e+001
       9.800122e+001       1.310022e+001
       9.900067e+001       1.366977e+001
       1.000001e+002       1.422238e+001
       1.010036e+002       1.491318e+001
       1.020030e+002       1.586777e+001
       1.030025e+002       1.654959e+001
       1.040019e+002       1.662860e+001
       1.050014e+002       1.717557e+001
       1.060008e+002       1.810843e+001
       1.070003e+002       1.857779e+001
       1.080037e+002       1.936362e+001
       1.090032e+002       2.001132e+001
       1.100026e+002       2.098737e+001
   