 1001Displacement    8
passive-lower_limb2007                  
Displacement_Y[patella_COG]
Time
Title Displacement_Y[patella_COG]/Time
Abs_unit TI
Ord_unit DS
Maximum 23.805016
Minimum -1.386848
       0.000000e+000       0.000000e+000
       1.002158e+000       7.214661e-001
       2.000441e+000       7.348022e-001
       3.000709e+000       3.299713e-001
       4.000865e+000       5.971222e-001
       5.002524e+000       1.150696e+000
       6.000101e+000       2.105019e+000
       7.000571e+000       2.227142e+000
       8.000127e+000       2.462509e+000
       9.000432e+000       2.572075e+000
       1.000054e+001       2.683075e+000
       1.100051e+001       2.828163e+000
       1.200089e+001       2.871758e+000
       1.300083e+001       2.932747e+000
       1.400311e+001       2.864212e+000
       1.500020e+001       2.814903e+000
       1.600125e+001       2.815308e+000
       1.700056e+001       2.868759e+000
       1.800121e+001       3.208397e+000
       1.900151e+001       3.598763e+000
       2.000105e+001       3.844315e+000
       2.100044e+001       3.689102e+000
       2.200099e+001       2.933411e+000
       2.300116e+001       2.114433e+000
       2.400064e+001       1.523949e+000
       2.500034e+001       1.564156e+000
       2.600146e+001       1.880051e+000
       2.700103e+001       2.064522e+000
       2.800091e+001       2.058441e+000
       2.900340e+001       2.288918e+000
       3.000028e+001       2.996597e+000
       3.100138e+001       3.258392e+000
       3.200006e+001       2.287003e+000
       3.300095e+001       1.614525e+000
       3.400091e+001       1.235680e+000
       3.500161e+001       1.304016e+000
       3.600122e+001       9.462433e-001
       3.700078e+001       1.045219e+000
       3.800081e+001       1.428085e+000
       3.900027e+001       1.952591e+000
       4.000249e+001       2.392754e+000
       4.100290e+001       7.593384e-001
       4.200330e+001      -2.841644e-001
       4.300165e+001      -1.239594e+000
       4.400062e+001      -1.048187e+000
       4.500074e+001       3.908157e-001
       4.600026e+001       1.507408e+000
       4.700004e+001       2.854744e+000
       4.800127e+001       3.777679e+000
       4.900168e+001       4.641121e+000
       5.000208e+001       4.412834e+000
       5.100223e+001       4.185799e+000
       5.200062e+001       3.411713e+000
       5.300097e+001       2.957726e+000
       5.400184e+001       3.097000e+000
       5.500219e+001       3.465950e+000
       5.600259e+001       3.384544e+000
       5.700299e+001       3.435486e+000
       5.800340e+001       3.581787e+000
       5.900050e+001       3.158134e+000
       6.000079e+001       2.945885e+000
       6.100155e+001       3.044594e+000
       6.200214e+001       4.019417e+000
       6.300151e+001       4.723076e+000
       6.400191e+001       4.529556e+000
       6.500137e+001       3.972618e+000
       6.600082e+001       4.359169e+000
       6.700193e+001       5.020004e+000
       6.800079e+001       5.915108e+000
       6.900008e+001       6.387466e+000
       7.000199e+001       5.602829e+000
       7.100006e+001       4.659393e+000
       7.200351e+001       4.259712e+000
       7.300296e+001       4.850861e+000
       7.400241e+001       5.675400e+000
       7.500186e+001       5.891815e+000
       7.600131e+001       5.414970e+000
       7.700076e+001       4.988869e+000
       7.800021e+001       4.924561e+000
       7.900366e+001       5.542496e+000
       8.000311e+001       5.827644e+000
       8.100256e+001       6.310928e+000
       8.200201e+001       6.832916e+000
       8.300146e+001       7.531563e+000
       8.400092e+001       8.280197e+000
       8.500037e+001       9.467506e+000
       8.600381e+001       9.973480e+000
       8.700327e+001       1.099162e+001
       8.800272e+001       1.155602e+001
       8.900217e+001       1.117141e+001
       9.000162e+001       1.266091e+001
       9.100107e+001       1.290607e+001
       9.200052e+001       1.270265e+001
       9.300397e+001       1.273054e+001
       9.400342e+001       1.231758e+001
       9.500287e+001       1.219376e+001
       9.600232e+001       1.244817e+001
       9.700177e+001       1.242609e+001
       9.800122e+001       1.245428e+001
       9.900067e+001       1.249220e+001
       1.000001e+002       1.286295e+001
       1.010036e+002       1.308836e+001
       1.020030e+002       1.337685e+001
       1.030025e+002       1.287518e+001
       1.040019e+002       1.244067e+001
       1.050014e+002       1.306833e+001
       1.060008e+002       1.370399e+001
       1.070003e+002       1.387576e+001
       1.080037e+002       1.331541e+001
       1.090032e+002       1.409837e+001
       1.100026e+002       1.431655e+001
      