 1001Displacement    8
passive-lower_limb2007                  
Displacement_X[patella_J]
Time
Title Displacement_X[patella_J]/Time
Abs_unit TI
Ord_unit DS
Maximum 242.250870
Minimum -11.356178
       0.000000e+000       0.000000e+000
       1.002158e+000      -2.036067e+000
       2.000441e+000      -1.837189e+000
       3.000709e+000      -1.173433e+000
       4.000865e+000      -2.347096e+000
       5.002524e+000      -1.001541e+000
       6.000101e+000      -1.707113e+000
       7.000571e+000      -1.243093e+000
       8.000127e+000      -1.457967e+000
       9.000432e+000      -1.388288e+000
       1.000054e+001      -1.497324e+000
       1.100051e+001      -1.534349e+000
       1.200089e+001      -1.300075e+000
       1.300083e+001      -1.588099e+000
       1.400311e+001      -1.422878e+000
       1.500020e+001      -1.541440e+000
       1.600125e+001      -1.674781e+000
       1.700056e+001      -1.473060e+000
       1.800121e+001      -1.477797e+000
       1.900151e+001      -1.407910e+000
       2.000105e+001      -1.274777e+000
       2.100044e+001      -1.366055e+000
       2.200099e+001      -1.454871e+000
       2.300116e+001      -1.631024e+000
       2.400064e+001      -1.736325e+000
       2.500034e+001      -1.717581e+000
       2.600146e+001      -1.711442e+000
       2.700103e+001      -1.739254e+000
       2.800091e+001      -1.744080e+000
       2.900340e+001      -1.721074e+000
       3.000028e+001      -1.645823e+000
       3.100138e+001      -1.615778e+000
       3.200006e+001      -1.710233e+000
       3.300095e+001      -1.829043e+000
       3.400091e+001      -1.782873e+000
       3.500161e+001      -1.752481e+000
       3.600122e+001      -1.592353e+000
       3.700078e+001      -1.749848e+000
       3.800081e+001      -1.759315e+000
       3.900027e+001      -1.381114e+000
       4.000249e+001      -1.513147e+000
       4.100290e+001      -1.448086e+000
       4.200330e+001      -1.738611e+000
       4.300165e+001      -1.888371e+000
       4.400062e+001      -2.001940e+000
       4.500074e+001      -1.485383e+000
       4.600026e+001      -1.468622e+000
       4.700004e+001      -1.213534e+000
       4.800127e+001      -8.747177e-001
       4.900168e+001      -9.201884e-001
       5.000208e+001      -1.065328e+000
       5.100223e+001      -1.239193e+000
       5.200062e+001      -1.239297e+000
       5.300097e+001      -1.107629e+000
       5.400184e+001      -1.262792e+000
       5.500219e+001      -1.241388e+000
       5.600259e+001      -1.240803e+000
       5.700299e+001      -1.245214e+000
       5.800340e+001      -1.074309e+000
       5.900050e+001      -1.306342e+000
       6.000079e+001      -1.373280e+000
       6.100155e+001      -1.155941e+000
       6.200214e+001      -8.337650e-001
       6.300151e+001      -8.862047e-001
       6.400191e+001      -3.607969e-001
       6.500137e+001      -1.989918e-001
       6.600082e+001      -7.700992e-001
       6.700193e+001      -3.574605e-001
       6.800079e+001      -3.429742e-001
       6.900008e+001      -5.118670e-001
       7.000199e+001      -7.291188e-001
       7.100006e+001      -6.664639e-001
       7.200351e+001      -1.285200e+000
       7.300296e+001      -7.523007e-001
       7.400241e+001      -4.621487e-001
       7.500186e+001      -6.243377e-001
       7.600131e+001      -8.698258e-001
       7.700076e+001      -9.268556e-001
       7.800021e+001      -1.211514e+000
       7.900366e+001      -1.117989e+000
       8.000311e+001      -7.847390e-001
       8.100256e+001      -5.259209e-001
       8.200201e+001      -3.533735e-001
       8.300146e+001      -4.463816e-001
       8.400092e+001      -3.344579e-001
       8.500037e+001      -8.357201e-001
       8.600381e+001      -4.992948e-001
       8.700327e+001      -2.615585e-001
       8.800272e+001      -3.680644e-001
       8.900217e+001      -6.977081e-001
       9.000162e+001      -6.502662e-001
       9.100107e+001      -4.462605e-001
       9.200052e+001      -1.059835e+000
       9.300397e+001      -5.548925e-001
       9.400342e+001      -6.647549e-001
       9.500287e+001      -5.842862e-001
       9.600232e+001      -7.793384e-001
       9.700177e+001      -1.130270e+000
       9.800122e+001      -1.470487e+000
       9.900067e+001      -1.128390e+000
       1.000001e+002      -1.486718e+000
       1.010036e+002      -2.053639e+000
       1.020030e+002      -1.445532e+000
       1.030025e+002      -2.310145e+000
       1.040019e+002      -2.574274e+000
       1.050014e+002      -2.391406e+000
       1.060008e+002      -2.436419e+000
       1.070003e+002      -2.593678e+000
       1.080037e+002      -2.752423e+000
       1.090032e+002      -2.953439e+000
       1.100026e+002      -3.029367e+000
    