 1001Displacement    8
passive-lower_limb2007                  
Displacement_X[patella_I]
Time
Title Displacement_X[patella_I]/Time
Abs_unit TI
Ord_unit DS
Maximum 242.664566
Minimum -11.354412
       0.000000e+000       0.000000e+000
       1.002158e+000      -2.049109e+000
       2.000441e+000      -1.884299e+000
       3.000709e+000      -1.198283e+000
       4.000865e+000      -2.474018e+000
       5.002524e+000      -1.022449e+000
       6.000101e+000      -1.822779e+000
       7.000571e+000      -1.331872e+000
       8.000127e+000      -1.608026e+000
       9.000432e+000      -1.539392e+000
       1.000054e+001      -1.620817e+000
       1.100051e+001      -1.685161e+000
       1.200089e+001      -1.452039e+000
       1.300083e+001      -1.746701e+000
       1.400311e+001      -1.581157e+000
       1.500020e+001      -1.705074e+000
       1.600125e+001      -1.849298e+000
       1.700056e+001      -1.643819e+000
       1.800121e+001      -1.644108e+000
       1.900151e+001      -1.584539e+000
       2.000105e+001      -1.463645e+000
       2.100044e+001      -1.559104e+000
       2.200099e+001      -1.601871e+000
       2.300116e+001      -1.765866e+000
       2.400064e+001      -1.833745e+000
       2.500034e+001      -1.823793e+000
       2.600146e+001      -1.832792e+000
       2.700103e+001      -1.887649e+000
       2.800091e+001      -1.888990e+000
       2.900340e+001      -1.879073e+000
       3.000028e+001      -1.831086e+000
       3.100138e+001      -1.817620e+000
       3.200006e+001      -1.881555e+000
       3.300095e+001      -1.965599e+000
       3.400091e+001      -1.884445e+000
       3.500161e+001      -1.861911e+000
       3.600122e+001      -1.667713e+000
       3.700078e+001      -1.840985e+000
       3.800081e+001      -1.863717e+000
       3.900027e+001      -1.473116e+000
       4.000249e+001      -1.667968e+000
       4.100290e+001      -1.568271e+000
       4.200330e+001      -1.785913e+000
       4.300165e+001      -1.912395e+000
       4.400062e+001      -2.047500e+000
       4.500074e+001      -1.552870e+000
       4.600026e+001      -1.567085e+000
       4.700004e+001      -1.361147e+000
       4.800127e+001      -1.035419e+000
       4.900168e+001      -1.127666e+000
       5.000208e+001      -1.278758e+000
       5.100223e+001      -1.460070e+000
       5.200062e+001      -1.430336e+000
       5.300097e+001      -1.247304e+000
       5.400184e+001      -1.414585e+000
       5.500219e+001      -1.406350e+000
       5.600259e+001      -1.427420e+000
       5.700299e+001      -1.437668e+000
       5.800340e+001      -1.242924e+000
       5.900050e+001      -1.466484e+000
       6.000079e+001      -1.548131e+000
       6.100155e+001      -1.286823e+000
       6.200214e+001      -9.966049e-001
       6.300151e+001      -1.086118e+000
       6.400191e+001      -5.136275e-001
       6.500137e+001      -3.845701e-001
       6.600082e+001      -9.564118e-001
       6.700193e+001      -5.571923e-001
       6.800079e+001      -5.513668e-001
       6.900008e+001      -7.303424e-001
       7.000199e+001      -9.388967e-001
       7.100006e+001      -8.553953e-001
       7.200351e+001      -1.466170e+000
       7.300296e+001      -9.183588e-001
       7.400241e+001      -6.808581e-001
       7.500186e+001      -8.580022e-001
       7.600131e+001      -1.083880e+000
       7.700076e+001      -1.084630e+000
       7.800021e+001      -1.416740e+000
       7.900366e+001      -1.328521e+000
       8.000311e+001      -9.818211e-001
       8.100256e+001      -7.460065e-001
       8.200201e+001      -5.872312e-001
       8.300146e+001      -7.045856e-001
       8.400092e+001      -6.103725e-001
       8.500037e+001      -1.124855e+000
       8.600381e+001      -8.144526e-001
       8.700327e+001      -5.959373e-001
       8.800272e+001      -7.045956e-001
       8.900217e+001      -1.008610e+000
       9.000162e+001      -9.964128e-001
       9.100107e+001      -7.887263e-001
       9.200052e+001      -1.391666e+000
       9.300397e+001      -9.010310e-001
       9.400342e+001      -9.849668e-001
       9.500287e+001      -9.187899e-001
       9.600232e+001      -1.106731e+000
       9.700177e+001      -1.475850e+000
       9.800122e+001      -1.806489e+000
       9.900067e+001      -1.462901e+000
       1.000001e+002      -1.838392e+000
       1.010036e+002      -2.406971e+000
       1.020030e+002      -1.799860e+000
       1.030025e+002      -2.661822e+000
       1.040019e+002      -2.866828e+000
       1.050014e+002      -2.718734e+000
       1.060008e+002      -2.780417e+000
       1.070003e+002      -2.956032e+000
       1.080037e+002      -3.092362e+000
       1.090032e+002      -3.319899e+000
       1.100026e+002      -3.390557e+000
    