 1001Displacement    8
passive-lower_limb2007                  
Displacement_Z[patella_K]
Time
Title Displacement_Z[patella_K]/Time
Abs_unit TI
Ord_unit DS
Maximum 162.475006
Minimum -10.429596
       0.000000e+000       0.000000e+000
       1.002158e+000       3.342896e-001
       2.000441e+000      -2.789917e-001
       3.000709e+000      -4.881592e-001
       4.000865e+000      -1.141235e+000
       5.002524e+000      -1.361145e+000
       6.000101e+000      -1.355072e+000
       7.000571e+000      -2.375427e+000
       8.000127e+000      -3.092407e+000
       9.000432e+000      -3.800995e+000
       1.000054e+001      -4.220856e+000
       1.100051e+001      -4.495056e+000
       1.200089e+001      -5.321503e+000
       1.300083e+001      -5.346527e+000
       1.400311e+001      -5.488159e+000
       1.500020e+001      -5.647430e+000
       1.600125e+001      -5.433868e+000
       1.700056e+001      -5.212128e+000
       1.800121e+001      -4.954468e+000
       1.900151e+001      -4.689209e+000
       2.000105e+001      -4.536194e+000
       2.100044e+001      -5.083313e+000
       2.200099e+001      -5.584747e+000
       2.300116e+001      -5.720184e+000
       2.400064e+001      -6.064423e+000
       2.500034e+001      -5.948395e+000
       2.600146e+001      -6.016357e+000
       2.700103e+001      -7.073944e+000
       2.800091e+001      -8.854462e+000
       2.900340e+001      -9.746735e+000
       3.000028e+001      -1.037634e+001
       3.100138e+001      -1.014413e+001
       3.200006e+001      -1.042960e+001
       3.300095e+001      -1.022531e+001
       3.400091e+001      -9.593018e+000
       3.500161e+001      -8.349060e+000
       3.600122e+001      -8.144470e+000
       3.700078e+001      -7.654327e+000
       3.800081e+001      -6.492401e+000
       3.900027e+001      -6.582092e+000
       4.000249e+001      -6.883911e+000
       4.100290e+001      -7.530792e+000
       4.200330e+001      -7.405457e+000
       4.300165e+001      -7.529907e+000
       4.400062e+001      -7.081573e+000
       4.500074e+001      -6.082642e+000
       4.600026e+001      -6.052643e+000
       4.700004e+001      -6.416138e+000
       4.800127e+001      -6.953278e+000
       4.900168e+001      -7.953430e+000
       5.000208e+001      -8.760712e+000
       5.100223e+001      -9.434265e+000
       5.200062e+001      -9.285736e+000
       5.300097e+001      -8.210968e+000
       5.400184e+001      -7.446014e+000
       5.500219e+001      -7.912720e+000
       5.600259e+001      -8.121307e+000
       5.700299e+001      -8.396210e+000
       5.800340e+001      -8.281647e+000
       5.900050e+001      -8.578888e+000
       6.000079e+001      -8.065033e+000
       6.100155e+001      -5.736359e+000
       6.200214e+001      -4.918213e+000
       6.300151e+001      -5.716827e+000
       6.400191e+001      -6.836182e+000
       6.500137e+001      -7.016052e+000
       6.600082e+001      -6.506805e+000
       6.700193e+001      -5.071686e+000
       6.800079e+001      -3.543213e+000
       6.900008e+001      -2.706390e+000
       7.000199e+001      -1.792938e+000
       7.100006e+001      -1.854462e+000
       7.200351e+001      -2.196045e+000
       7.300296e+001      -2.755615e+000
       7.400241e+001      -2.738373e+000
       7.500186e+001      -1.999023e+000
       7.600131e+001      -1.372284e+000
       7.700076e+001      -6.022949e-001
       7.800021e+001      -9.085083e-002
       7.900366e+001       1.581726e-001
       8.000311e+001       1.178192e+000
       8.100256e+001       2.286987e+000
       8.200201e+001       3.046417e+000
       8.300146e+001       3.350922e+000
       8.400092e+001       4.711395e+000
       8.500037e+001       6.055481e+000
       8.600381e+001       7.057678e+000
       8.700327e+001       7.657257e+000
       8.800272e+001       8.347168e+000
       8.900217e+001       9.116211e+000
       9.000162e+001       1.092688e+001
       9.100107e+001       1.199866e+001
       9.200052e+001       1.214349e+001
       9.300397e+001       1.181860e+001
       9.400342e+001       1.163303e+001
       9.500287e+001       1.222882e+001
       9.600232e+001       1.286792e+001
       9.700177e+001       1.304889e+001
       9.800122e+001       1.315997e+001
       9.900067e+001       1.373856e+001
       1.000001e+002       1.430173e+001
       1.010036e+002       1.497650e+001
       1.020030e+002       1.595166e+001
       1.030025e+002       1.668271e+001
       1.040019e+002       1.673831e+001
       1.050014e+002       1.731802e+001
       1.060008e+002       1.823859e+001
       1.070003e+002       1.873636e+001
       1.080037e+002       1.952209e+001
       1.090032e+002       2.016348e+001
       1.100026e+002       2.114798e+001
     