 1001Displacement    8
passive-lower_limb2007                  
Displacement_Y[patella_K]
Time
Title Displacement_Y[patella_K]/Time
Abs_unit TI
Ord_unit DS
Maximum 23.821205
Minimum -1.626923
       0.000000e+000       0.000000e+000
       1.002158e+000       7.305222e-001
       2.000441e+000       7.248535e-001
       3.000709e+000       2.913208e-001
       4.000865e+000       5.675888e-001
       5.002524e+000       1.137070e+000
       6.000101e+000       2.106323e+000
       7.000571e+000       2.213493e+000
       8.000127e+000       2.434784e+000
       9.000432e+000       2.537460e+000
       1.000054e+001       2.654877e+000
       1.100051e+001       2.828728e+000
       1.200089e+001       2.890366e+000
       1.300083e+001       2.942505e+000
       1.400311e+001       2.836586e+000
       1.500020e+001       2.749084e+000
       1.600125e+001       2.734810e+000
       1.700056e+001       2.787132e+000
       1.800121e+001       3.125465e+000
       1.900151e+001       3.518890e+000
       2.000105e+001       3.772499e+000
       2.100044e+001       3.642235e+000
       2.200099e+001       2.932686e+000
       2.300116e+001       2.169418e+000
       2.400064e+001       1.591873e+000
       2.500034e+001       1.601738e+000
       2.600146e+001       1.886314e+000
       2.700103e+001       2.041382e+000
       2.800091e+001       2.051826e+000
       2.900340e+001       2.295586e+000
       3.000028e+001       2.995132e+000
       3.100138e+001       3.253044e+000
       3.200006e+001       2.323692e+000
       3.300095e+001       1.717918e+000
       3.400091e+001       1.325012e+000
       3.500161e+001       1.321938e+000
       3.600122e+001       9.532776e-001
       3.700078e+001       1.107567e+000
       3.800081e+001       1.476906e+000
       3.900027e+001       1.911774e+000
       4.000249e+001       2.373070e+000
       4.100290e+001       7.513351e-001
       4.200330e+001      -2.554245e-001
       4.300165e+001      -1.212509e+000
       4.400062e+001      -1.057739e+000
       4.500074e+001       3.737259e-001
       4.600026e+001       1.471169e+000
       4.700004e+001       2.848648e+000
       4.800127e+001       3.752266e+000
       4.900168e+001       4.581795e+000
       5.000208e+001       4.359261e+000
       5.100223e+001       4.147636e+000
       5.200062e+001       3.410782e+000
       5.300097e+001       2.953064e+000
       5.400184e+001       3.073608e+000
       5.500219e+001       3.416870e+000
       5.600259e+001       3.305603e+000
       5.700299e+001       3.364349e+000
       5.800340e+001       3.546761e+000
       5.900050e+001       3.146584e+000
       6.000079e+001       2.930405e+000
       6.100155e+001       3.031334e+000
       6.200214e+001       3.986443e+000
       6.300151e+001       4.681984e+000
       6.400191e+001       4.529991e+000
       6.500137e+001       3.933159e+000
       6.600082e+001       4.304634e+000
       6.700193e+001       4.998619e+000
       6.800079e+001       5.891212e+000
       6.900008e+001       6.307770e+000
       7.000199e+001       5.509369e+000
       7.100006e+001       4.575027e+000
       7.200351e+001       4.134460e+000
       7.300296e+001       4.720924e+000
       7.400241e+001       5.570053e+000
       7.500186e+001       5.784981e+000
       7.600131e+001       5.304291e+000
       7.700076e+001       4.868553e+000
       7.800021e+001       4.784744e+000
       7.900366e+001       5.393257e+000
       8.000311e+001       5.685287e+000
       8.100256e+001       6.168549e+000
       8.200201e+001       6.682167e+000
       8.300146e+001       7.340637e+000
       8.400092e+001       8.076317e+000
       8.500037e+001       9.297043e+000
       8.600381e+001       9.848961e+000
       8.700327e+001       1.084864e+001
       8.800272e+001       1.139442e+001
       8.900217e+001       1.099385e+001
       9.000162e+001       1.248534e+001
       9.100107e+001       1.264220e+001
       9.200052e+001       1.248531e+001
       9.300397e+001       1.251020e+001
       9.400342e+001       1.213033e+001
       9.500287e+001       1.197504e+001
       9.600232e+001       1.220964e+001
       9.700177e+001       1.219215e+001
       9.800122e+001       1.223446e+001
       9.900067e+001       1.225503e+001
       1.000001e+002       1.260091e+001
       1.010036e+002       1.283406e+001
       1.020030e+002       1.313286e+001
       1.030025e+002       1.263239e+001
       1.040019e+002       1.218210e+001
       1.050014e+002       1.282223e+001
       1.060008e+002       1.345649e+001
       1.070003e+002       1.362775e+001
       1.080037e+002       1.305260e+001
       1.090032e+002       1.385834e+001
       1.100026e+002       1.405974e+001
     