 1001Displacement    8
passive-lower_limb2007                  
Displacement_Y[patella_J]
Time
Title Displacement_Y[patella_J]/Time
Abs_unit TI
Ord_unit DS
Maximum 24.111328
Minimum -1.265938
       0.000000e+000       0.000000e+000
       1.002158e+000       7.083282e-001
       2.000441e+000       6.868439e-001
       3.000709e+000       3.056564e-001
       4.000865e+000       4.624329e-001
       5.002524e+000       1.129410e+000
       6.000101e+000       1.983055e+000
       7.000571e+000       2.134865e+000
       8.000127e+000       2.300995e+000
       9.000432e+000       2.409683e+000
       1.000054e+001       2.552620e+000
       1.100051e+001       2.665604e+000
       1.200089e+001       2.708176e+000
       1.300083e+001       2.761047e+000
       1.400311e+001       2.692146e+000
       1.500020e+001       2.634926e+000
       1.600125e+001       2.619865e+000
       1.700056e+001       2.677460e+000
       1.800121e+001       3.022324e+000
       1.900151e+001       3.396530e+000
       2.000105e+001       3.622948e+000
       2.100044e+001       3.465202e+000
       2.200099e+001       2.773758e+000
       2.300116e+001       1.971008e+000
       2.400064e+001       1.419724e+000
       2.500034e+001       1.451302e+000
       2.600146e+001       1.751793e+000
       2.700103e+001       1.902878e+000
       2.800091e+001       1.899994e+000
       2.900340e+001       2.117882e+000
       3.000028e+001       2.792244e+000
       3.100138e+001       3.033180e+000
       3.200006e+001       2.099678e+000
       3.300095e+001       1.473557e+000
       3.400091e+001       1.133171e+000
       3.500161e+001       1.184433e+000
       3.600122e+001       8.567657e-001
       3.700078e+001       9.497528e-001
       3.800081e+001       1.319260e+000
       3.900027e+001       1.842842e+000
       4.000249e+001       2.209824e+000
       4.100290e+001       6.272278e-001
       4.200330e+001      -3.378296e-001
       4.300165e+001      -1.265938e+000
       4.400062e+001      -1.097961e+000
       4.500074e+001       3.138428e-001
       4.600026e+001       1.388161e+000
       4.700004e+001       2.681854e+000
       4.800127e+001       3.572426e+000
       4.900168e+001       4.365036e+000
       5.000208e+001       4.151161e+000
       5.100223e+001       3.914192e+000
       5.200062e+001       3.176155e+000
       5.300097e+001       2.775581e+000
       5.400184e+001       2.895309e+000
       5.500219e+001       3.257584e+000
       5.600259e+001       3.144341e+000
       5.700299e+001       3.172264e+000
       5.800340e+001       3.369095e+000
       5.900050e+001       2.964989e+000
       6.000079e+001       2.723114e+000
       6.100155e+001       2.870796e+000
       6.200214e+001       3.789337e+000
       6.300151e+001       4.451782e+000
       6.400191e+001       4.338806e+000
       6.500137e+001       3.720284e+000
       6.600082e+001       4.109077e+000
       6.700193e+001       4.768555e+000
       6.800079e+001       5.653297e+000
       6.900008e+001       6.103836e+000
       7.000199e+001       5.345245e+000
       7.100006e+001       4.434227e+000
       7.200351e+001       4.028862e+000
       7.300296e+001       4.622627e+000
       7.400241e+001       5.387573e+000
       7.500186e+001       5.576271e+000
       7.600131e+001       5.126747e+000
       7.700076e+001       4.779785e+000
       7.800021e+001       4.658829e+000
       7.900366e+001       5.268608e+000
       8.000311e+001       5.572289e+000
       8.100256e+001       6.024155e+000
       8.200201e+001       6.540321e+000
       8.300146e+001       7.220772e+000
       8.400092e+001       7.948502e+000
       8.500037e+001       9.110886e+000
       8.600381e+001       9.574318e+000
       8.700327e+001       1.056221e+001
       8.800272e+001       1.112624e+001
       8.900217e+001       1.078212e+001
       9.000162e+001       1.222459e+001
       9.100107e+001       1.249059e+001
       9.200052e+001       1.229422e+001
       9.300397e+001       1.230245e+001
       9.400342e+001       1.193229e+001
       9.500287e+001       1.178719e+001
       9.600232e+001       1.205865e+001
       9.700177e+001       1.200034e+001
       9.800122e+001       1.203466e+001
       9.900067e+001       1.207844e+001
       1.000001e+002       1.241948e+001
       1.010036e+002       1.263599e+001
       1.020030e+002       1.292802e+001
       1.030025e+002       1.243977e+001
       1.040019e+002       1.210963e+001
       1.050014e+002       1.268011e+001
       1.060008e+002       1.328416e+001
       1.070003e+002       1.341985e+001
       1.080037e+002       1.290753e+001
       1.090032e+002       1.363210e+001
       1.100026e+002       1.386486e+001
     