 1001Displacement    8
passive-lower_limb2007                  
Displacement_Y[patella_I]
Time
Title Displacement_Y[patella_I]/Time
Abs_unit TI
Ord_unit DS
Maximum 23.856552
Minimum -1.347366
       0.000000e+000       0.000000e+000
       1.002158e+000       7.214737e-001
       2.000441e+000       7.354889e-001
       3.000709e+000       3.306961e-001
       4.000865e+000       6.052246e-001
       5.002524e+000       1.150772e+000
       6.000101e+000       2.111229e+000
       7.000571e+000       2.230530e+000
       8.000127e+000       2.474304e+000
       9.000432e+000       2.584198e+000
       1.000054e+001       2.690620e+000
       1.100051e+001       2.839767e+000
       1.200089e+001       2.883728e+000
       1.300083e+001       2.945869e+000
       1.400311e+001       2.877670e+000
       1.500020e+001       2.831436e+000
       1.600125e+001       2.835701e+000
       1.700056e+001       2.888481e+000
       1.800121e+001       3.227272e+000
       1.900151e+001       3.620415e+000
       2.000105e+001       3.869308e+000
       2.100044e+001       3.713173e+000
       2.200099e+001       2.944580e+000
       2.300116e+001       2.124901e+000
       2.400064e+001       1.530754e+000
       2.500034e+001       1.570145e+000
       2.600146e+001       1.887009e+000
       2.700103e+001       2.076218e+000
       2.800091e+001       2.069435e+000
       2.900340e+001       2.301903e+000
       3.000028e+001       3.015556e+000
       3.100138e+001       3.281708e+000
       3.200006e+001       2.303497e+000
       3.300095e+001       1.628632e+000
       3.400091e+001       1.244057e+000
       3.500161e+001       1.310143e+000
       3.600122e+001       9.493713e-001
       3.700078e+001       1.050858e+000
       3.800081e+001       1.434181e+000
       3.900027e+001       1.958267e+000
       4.000249e+001       2.407883e+000
       4.100290e+001       7.667542e-001
       4.200330e+001      -2.828140e-001
       4.300165e+001      -1.239113e+000
       4.400062e+001      -1.047432e+000
       4.500074e+001       3.931046e-001
       4.600026e+001       1.513908e+000
       4.700004e+001       2.868011e+000
       4.800127e+001       3.797096e+000
       4.900168e+001       4.678764e+000
       5.000208e+001       4.446289e+000
       5.100223e+001       4.221176e+000
       5.200062e+001       3.437363e+000
       5.300097e+001       2.972549e+000
       5.400184e+001       3.115677e+000
       5.500219e+001       3.486855e+000
       5.600259e+001       3.414352e+000
       5.700299e+001       3.470444e+000
       5.800340e+001       3.602997e+000
       5.900050e+001       3.174988e+000
       6.000079e+001       2.968758e+000
       6.100155e+001       3.058067e+000
       6.200214e+001       4.044312e+000
       6.300151e+001       4.758484e+000
       6.400191e+001       4.545921e+000
       6.500137e+001       4.003036e+000
       6.600082e+001       4.389732e+000
       6.700193e+001       5.049667e+000
       6.800079e+001       5.947456e+000
       6.900008e+001       6.428658e+000
       7.000199e+001       5.638184e+000
       7.100006e+001       4.686203e+000
       7.200351e+001       4.292145e+000
       7.300296e+001       4.883316e+000
       7.400241e+001       5.720238e+000
       7.500186e+001       5.945313e+000
       7.600131e+001       5.460518e+000
       7.700076e+001       5.015976e+000
       7.800021e+001       4.967606e+000
       7.900366e+001       5.589157e+000
       8.000311e+001       5.868340e+000
       8.100256e+001       6.360214e+000
       8.200201e+001       6.885185e+000
       8.300146e+001       7.596695e+000
       8.400092e+001       8.355034e+000
       8.500037e+001       9.544640e+000
       8.600381e+001       1.006036e+001
       8.700327e+001       1.109469e+001
       8.800272e+001       1.166239e+001
       8.900217e+001       1.126283e+001
       9.000162e+001       1.277302e+001
       9.100107e+001       1.303018e+001
       9.200052e+001       1.281098e+001
       9.300397e+001       1.284864e+001
       9.400342e+001       1.240927e+001
       9.500287e+001       1.230161e+001
       9.600232e+001       1.255364e+001
       9.700177e+001       1.254658e+001
       9.800122e+001       1.256829e+001
       9.900067e+001       1.260796e+001
       1.000001e+002       1.300001e+001
       1.010036e+002       1.322765e+001
       1.020030e+002       1.351137e+001
       1.030025e+002       1.300268e+001
       1.040019e+002       1.252895e+001
       1.050014e+002       1.317528e+001
       1.060008e+002       1.382538e+001
       1.070003e+002       1.401503e+001
       1.080037e+002       1.343574e+001
       1.090032e+002       1.424082e+001
       1.100026e+002       1.445622e+001
    