 1001Displacement    8
passive-lower_limb2007                  
Displacement_X[patella_K]
Time
Title Displacement_X[patella_K]/Time
Abs_unit TI
Ord_unit DS
Maximum 242.015396
Minimum -10.824942
       0.000000e+000       0.000000e+000
       1.002158e+000      -2.061395e+000
       2.000441e+000      -1.802336e+000
       3.000709e+000      -1.118112e+000
       4.000865e+000      -2.285842e+000
       5.002524e+000      -9.541125e-001
       6.000101e+000      -1.683887e+000
       7.000571e+000      -1.202185e+000
       8.000127e+000      -1.399362e+000
       9.000432e+000      -1.332487e+000
       1.000054e+001      -1.473770e+000
       1.100051e+001      -1.534955e+000
       1.200089e+001      -1.301839e+000
       1.300083e+001      -1.590292e+000
       1.400311e+001      -1.425714e+000
       1.500020e+001      -1.552657e+000
       1.600125e+001      -1.698003e+000
       1.700056e+001      -1.499759e+000
       1.800121e+001      -1.506248e+000
       1.900151e+001      -1.454711e+000
       2.000105e+001      -1.338489e+000
       2.100044e+001      -1.425022e+000
       2.200099e+001      -1.489091e+000
       2.300116e+001      -1.618535e+000
       2.400064e+001      -1.693632e+000
       2.500034e+001      -1.677624e+000
       2.600146e+001      -1.701492e+000
       2.700103e+001      -1.764693e+000
       2.800091e+001      -1.789482e+000
       2.900340e+001      -1.723275e+000
       3.000028e+001      -1.605901e+000
       3.100138e+001      -1.595824e+000
       3.200006e+001      -1.750356e+000
       3.300095e+001      -1.875417e+000
       3.400091e+001      -1.828382e+000
       3.500161e+001      -1.840204e+000
       3.600122e+001      -1.722978e+000
       3.700078e+001      -1.854052e+000
       3.800081e+001      -1.821942e+000
       3.900027e+001      -1.488290e+000
       4.000249e+001      -1.622387e+000
       4.100290e+001      -1.517301e+000
       4.200330e+001      -1.857130e+000
       4.300165e+001      -1.977713e+000
       4.400062e+001      -2.068098e+000
       4.500074e+001      -1.577031e+000
       4.600026e+001      -1.587229e+000
       4.700004e+001      -1.326518e+000
       4.800127e+001      -1.024996e+000
       4.900168e+001      -1.062602e+000
       5.000208e+001      -1.156903e+000
       5.100223e+001      -1.333205e+000
       5.200062e+001      -1.370229e+000
       5.300097e+001      -1.279904e+000
       5.400184e+001      -1.433160e+000
       5.500219e+001      -1.374856e+000
       5.600259e+001      -1.367457e+000
       5.700299e+001      -1.401939e+000
       5.800340e+001      -1.212077e+000
       5.900050e+001      -1.431640e+000
       6.000079e+001      -1.522971e+000
       6.100155e+001      -1.331377e+000
       6.200214e+001      -1.022625e+000
       6.300151e+001      -1.046828e+000
       6.400191e+001      -5.136795e-001
       6.500137e+001      -3.659625e-001
       6.600082e+001      -9.259210e-001
       6.700193e+001      -4.875293e-001
       6.800079e+001      -4.659171e-001
       6.900008e+001      -6.295505e-001
       7.000199e+001      -8.115172e-001
       7.100006e+001      -7.404799e-001
       7.200351e+001      -1.394225e+000
       7.300296e+001      -8.972526e-001
       7.400241e+001      -5.801005e-001
       7.500186e+001      -7.475209e-001
       7.600131e+001      -1.000233e+000
       7.700076e+001      -1.058999e+000
       7.800021e+001      -1.317645e+000
       7.900366e+001      -1.222516e+000
       8.000311e+001      -8.933887e-001
       8.100256e+001      -6.287241e-001
       8.200201e+001      -4.211063e-001
       8.300146e+001      -4.570193e-001
       8.400092e+001      -3.220420e-001
       8.500037e+001      -8.312659e-001
       8.600381e+001      -4.807487e-001
       8.700327e+001      -2.158918e-001
       8.800272e+001      -3.089900e-001
       8.900217e+001      -6.733704e-001
       9.000162e+001      -5.221758e-001
       9.100107e+001      -2.964745e-001
       9.200052e+001      -9.619045e-001
       9.300397e+001      -3.870568e-001
       9.400342e+001      -4.928389e-001
       9.500287e+001      -4.276309e-001
       9.600232e+001      -5.977445e-001
       9.700177e+001      -9.757710e-001
       9.800122e+001      -1.388079e+000
       9.900067e+001      -1.040090e+000
       1.000001e+002      -1.385124e+000
       1.010036e+002      -1.967473e+000
       1.020030e+002      -1.333678e+000
       1.030025e+002      -2.138037e+000
       1.040019e+002      -2.450020e+000
       1.050014e+002      -2.216235e+000
       1.060008e+002      -2.272526e+000
       1.070003e+002      -2.382298e+000
       1.080037e+002      -2.554363e+000
       1.090032e+002      -2.746539e+000
       1.100026e+002      -2.818181e+000
   