 1001Rotational A    8
passive-lower_limb2007                  
Rotational Angle_X[tibia_COG]
Time
Title Rotational Angle_X[tibia_COG]/Time
Abs_unit TI
Ord_unit AD
Maximum 0.091308
Minimum -0.633062
       0.000000e+000       0.000000e+000
       1.002158e+000      -1.529311e-002
       2.000441e+000      -1.368818e-002
       3.000709e+000      -7.682533e-004
       4.000865e+000      -1.710650e-002
       5.002524e+000      -1.317177e-002
       6.000101e+000      -2.143053e-003
       7.000571e+000      -1.885482e-002
       8.000127e+000      -1.382091e-002
       9.000432e+000      -3.858016e-003
       1.000054e+001      -2.050326e-002
       1.100051e+001      -1.570714e-002
       1.200089e+001      -5.430720e-003
       1.300083e+001      -2.154372e-002
       1.400311e+001      -1.863440e-002
       1.500020e+001      -6.485292e-003
       1.600125e+001      -2.096760e-002
       1.700056e+001      -2.308608e-002
       1.800121e+001      -8.729770e-003
       1.900151e+001      -1.861966e-002
       2.000105e+001      -2.789639e-002
       2.100044e+001      -1.353624e-002
       2.200099e+001      -1.413324e-002
       2.300116e+001      -2.782856e-002
       2.400064e+001      -2.140441e-002
       2.500034e+001      -8.611132e-003
       2.600146e+001      -1.346305e-002
       2.700103e+001      -2.395640e-002
       2.800091e+001      -2.553330e-002
       2.900340e+001      -1.517049e-002
       3.000028e+001      -4.198789e-003
       3.100138e+001       6.018899e-003
       3.200006e+001       1.496992e-002
       3.300095e+001       2.274401e-002
       3.400091e+001       2.923216e-002
       3.500161e+001       3.403249e-002
       3.600122e+001       3.667204e-002
       3.700078e+001       3.652736e-002
       3.800081e+001       3.496711e-002
       3.900027e+001       3.310077e-002
       4.000249e+001       3.081962e-002
       4.100290e+001       2.806311e-002
       4.200330e+001       2.480975e-002
       4.300165e+001       2.109576e-002
       4.400062e+001       1.699915e-002
       4.500074e+001       1.265238e-002
       4.600026e+001       8.231257e-003
       4.700004e+001       3.682848e-003
       4.800127e+001      -9.690466e-004
       4.900168e+001      -5.454628e-003
       5.000208e+001      -9.644876e-003
       5.100223e+001      -1.344849e-002
       5.200062e+001      -1.675299e-002
       5.300097e+001      -1.914555e-002
       5.400184e+001      -2.061116e-002
       5.500219e+001      -2.181978e-002
       5.600259e+001      -2.303026e-002
       5.700299e+001      -2.437518e-002
       5.800340e+001      -2.590728e-002
       5.900050e+001      -2.764914e-002
       6.000079e+001      -2.978147e-002
       6.100155e+001      -3.259150e-002
       6.200214e+001      -3.592245e-002
       6.300151e+001      -3.949193e-002
       6.400191e+001      -4.324276e-002
       6.500137e+001      -4.713089e-002
       6.600082e+001      -5.111791e-002
       6.700193e+001      -5.520839e-002
       6.800079e+001      -5.967030e-002
       6.900008e+001      -6.516577e-002
       7.000199e+001      -7.152969e-002
       7.100006e+001      -7.789749e-002
       7.200351e+001      -8.412702e-002
       7.300296e+001      -9.015148e-002
       7.400241e+001      -9.599516e-002
       7.500186e+001      -1.016707e-001
       7.600131e+001      -1.071963e-001
       7.700076e+001      -1.125880e-001
       7.800021e+001      -1.178771e-001
       7.900366e+001      -1.230842e-001
       8.000311e+001      -1.281816e-001
       8.100256e+001      -1.331944e-001
       8.200201e+001      -1.381203e-001
       8.300146e+001      -1.429613e-001
       8.400092e+001      -1.477145e-001
       8.500037e+001      -1.523810e-001
       8.600381e+001      -1.569724e-001
       8.700327e+001      -1.614493e-001
       8.800272e+001      -1.658452e-001
       8.900217e+001      -1.701536e-001
       9.000162e+001      -1.743769e-001
       9.100107e+001      -1.785156e-001
       9.200052e+001      -1.825701e-001
       9.300397e+001      -1.865583e-001
       9.400342e+001      -1.904544e-001
       9.500287e+001      -1.942832e-001
       9.600232e+001      -1.980438e-001
       9.700177e+001      -2.017230e-001
       9.800122e+001      -2.053439e-001
       9.900067e+001      -2.089108e-001
       1.000001e+002      -2.124250e-001
       1.010036e+002      -2.126812e-001
       1.020030e+002      -2.129257e-001
       1.030025e+002      -2.131615e-001
       1.040019e+002      -2.133912e-001
       1.050014e+002      -2.136163e-001
       1.060008e+002      -2.138397e-001
       1.070003e+002      -2.140603e-001
       1.080037e+002      -2.142784e-001
       1.090032e+002      -2.144957e-001
       1.100026e+002      -2.147057e-001
    