 1001Displacement    8
passive-lower_limb2007                  
Displacement_X[tibia_COG_k]
Time
Title Displacement_X[tibia_COG_k]/Time
Abs_unit TI
Ord_unit DS
Maximum 332.927429
Minimum -23.895721
       0.000000e+000       0.000000e+000
       1.002158e+000       7.669830e-001
       2.000441e+000       7.069187e-001
       3.000709e+000       1.096973e-001
       4.000865e+000       1.064201e+000
       5.002524e+000       1.041491e+000
       6.000101e+000       6.698608e-001
       7.000571e+000       1.746618e+000
       8.000127e+000       1.775097e+000
       9.000432e+000       1.553898e+000
       1.000054e+001       2.707237e+000
       1.100051e+001       2.834072e+000
       1.200089e+001       2.679287e+000
       1.300083e+001       3.887138e+000
       1.400311e+001       4.183941e+000
       1.500020e+001       4.004047e+000
       1.600125e+001       5.163927e+000
       1.700056e+001       5.737020e+000
       1.800121e+001       5.519787e+000
       1.900151e+001       6.544069e+000
       2.000105e+001       7.532118e+000
       2.100044e+001       7.433535e+000
       2.200099e+001       8.157249e+000
       2.300116e+001       9.569267e+000
       2.400064e+001       1.004103e+001
       2.500034e+001       1.015849e+001
       2.600146e+001       1.149026e+001
       2.700103e+001       1.310465e+001
       2.800091e+001       1.435386e+001
       2.900340e+001       1.521516e+001
       3.000028e+001       1.583915e+001
       3.100138e+001       1.634957e+001
       3.200006e+001       1.684062e+001
       3.300095e+001       1.725820e+001
       3.400091e+001       1.757932e+001
       3.500161e+001       1.790075e+001
       3.600122e+001       1.833434e+001
       3.700078e+001       1.921891e+001
       3.800081e+001       2.067728e+001
       3.900027e+001       2.231994e+001
       4.000249e+001       2.375479e+001
       4.100290e+001       2.487544e+001
       4.200330e+001       2.567333e+001
       4.300165e+001       2.615397e+001
       4.400062e+001       2.639072e+001
       4.500074e+001       2.667915e+001
       4.600026e+001       2.743431e+001
       4.700004e+001       2.837899e+001
       4.800127e+001       2.910772e+001
       4.900168e+001       2.950835e+001
       5.000208e+001       2.958152e+001
       5.100223e+001       2.936885e+001
       5.200062e+001       2.902891e+001
       5.300097e+001       2.921437e+001
       5.400184e+001       3.007903e+001
       5.500219e+001       3.090008e+001
       5.600259e+001       3.141845e+001
       5.700299e+001       3.160304e+001
       5.800340e+001       3.146908e+001
       5.900050e+001       3.108794e+001
       6.000079e+001       3.082921e+001
       6.100155e+001       3.124300e+001
       6.200214e+001       3.193158e+001
       6.300151e+001       3.240289e+001
       6.400191e+001       3.257125e+001
       6.500137e+001       3.245755e+001
       6.600082e+001       3.208723e+001
       6.700193e+001       3.151632e+001
       6.800079e+001       3.094498e+001
       6.900008e+001       3.069069e+001
       7.000199e+001       3.066371e+001
       7.100006e+001       3.058667e+001
       7.200351e+001       3.038671e+001
       7.300296e+001       3.008663e+001
       7.400241e+001       2.972378e+001
       7.500186e+001       2.931397e+001
       7.600131e+001       2.886466e+001
       7.700076e+001       2.839690e+001
       7.800021e+001       2.791385e+001
       7.900366e+001       2.743669e+001
       8.000311e+001       2.695362e+001
       8.100256e+001       2.646513e+001
       8.200201e+001       2.596627e+001
       8.300146e+001       2.544932e+001
       8.400092e+001       2.492515e+001
       8.500037e+001       2.439101e+001
       8.600381e+001       2.384545e+001
       8.700327e+001       2.328695e+001
       8.800272e+001       2.272619e+001
       8.900217e+001       2.215606e+001
       9.000162e+001       2.157100e+001
       9.100107e+001       2.097095e+001
       9.200052e+001       2.034940e+001
       9.300397e+001       1.971255e+001
       9.400342e+001       1.907323e+001
       9.500287e+001       1.842786e+001
       9.600232e+001       1.776616e+001
       9.700177e+001       1.709914e+001
       9.800122e+001       1.642542e+001
       9.900067e+001       1.574241e+001
       1.000001e+002       1.505115e+001
       1.010036e+002       1.447582e+001
       1.020030e+002       1.390013e+001
       1.030025e+002       1.332021e+001
       1.040019e+002       1.273569e+001
       1.050014e+002       1.214279e+001
       1.060008e+002       1.154519e+001
       1.070003e+002       1.094123e+001
       1.080037e+002       1.032750e+001
       1.090032e+002       9.709404e+000
       1.100026e+002       9.075886e+000
    