 1001Displacement    8
passive-lower_limb2007                  
Displacement_Z[tibia_COG_i]
Time
Title Displacement_Z[tibia_COG_i]/Time
Abs_unit TI
Ord_unit DS
Maximum 184.292328
Minimum -2.822632
       0.000000e+000       0.000000e+000
       1.002158e+000       8.380127e-002
       2.000441e+000       1.042786e-001
       3.000709e+000       6.707764e-002
       4.000865e+000       1.836853e-001
       5.002524e+000       2.052612e-001
       6.000101e+000       1.913452e-001
       7.000571e+000       3.208008e-001
       8.000127e+000       3.468628e-001
       9.000432e+000       3.443298e-001
       1.000054e+001       4.679260e-001
       1.100051e+001       4.906006e-001
       1.200089e+001       4.841614e-001
       1.300083e+001       6.164246e-001
       1.400311e+001       6.644592e-001
       1.500020e+001       6.679993e-001
       1.600125e+001       8.347473e-001
       1.700056e+001       9.361877e-001
       1.800121e+001       9.571533e-001
       1.900151e+001       1.112244e+000
       2.000105e+001       1.236969e+000
       2.100044e+001       1.166870e+000
       2.200099e+001       1.128479e+000
       2.300116e+001       1.106140e+000
       2.400064e+001       5.956116e-001
       2.500034e+001      -4.803467e-002
       2.600146e+001      -6.866150e-001
       2.700103e+001      -1.256012e+000
       2.800091e+001      -1.786346e+000
       2.900340e+001      -2.307312e+000
       3.000028e+001      -2.646179e+000
       3.100138e+001      -2.814178e+000
       3.200006e+001      -2.822632e+000
       3.300095e+001      -2.630371e+000
       3.400091e+001      -2.216034e+000
       3.500161e+001      -1.605194e+000
       3.600122e+001      -8.463135e-001
       3.700078e+001      -2.515259e-001
       3.800081e+001      -3.482666e-001
       3.900027e+001      -8.579102e-001
       4.000249e+001      -1.231506e+000
       4.100290e+001      -1.333557e+000
       4.200330e+001      -1.143555e+000
       4.300165e+001      -6.754761e-001
       4.400062e+001      -1.150513e-002
       4.500074e+001       5.058594e-001
       4.600026e+001       3.840637e-001
       4.700004e+001      -6.359863e-002
       4.800127e+001      -3.666687e-001
       4.900168e+001      -3.901367e-001
       5.000208e+001      -1.282654e-001
       5.100223e+001       3.998718e-001
       5.200062e+001       1.044067e+000
       5.300097e+001       1.223480e+000
       5.400184e+001       8.195190e-001
       5.500219e+001       4.586487e-001
       5.600259e+001       3.382568e-001
       5.700299e+001       4.918518e-001
       5.800340e+001       9.054565e-001
       5.900050e+001       1.511688e+000
       6.000079e+001       2.003082e+000
       6.100155e+001       1.919800e+000
       6.200214e+001       1.594696e+000
       6.300151e+001       1.434204e+000
       6.400191e+001       1.513824e+000
       6.500137e+001       1.821411e+000
       6.600082e+001       2.336731e+000
       6.700193e+001       3.020844e+000
       6.800079e+001       3.722565e+000
       6.900008e+001       4.221741e+000
       7.000199e+001       4.597748e+000
       7.100006e+001       5.020905e+000
       7.200351e+001       5.535339e+000
       7.300296e+001       6.122528e+000
       7.400241e+001       6.756409e+000
       7.500186e+001       7.424316e+000
       7.600131e+001       8.118011e+000
       7.700076e+001       8.826172e+000
       7.800021e+001       9.539703e+000
       7.900366e+001       1.024664e+001
       8.000311e+001       1.095044e+001
       8.100256e+001       1.164798e+001
       8.200201e+001       1.234515e+001
       8.300146e+001       1.304370e+001
       8.400092e+001       1.374100e+001
       8.500037e+001       1.443881e+001
       8.600381e+001       1.514465e+001
       8.700327e+001       1.585794e+001
       8.800272e+001       1.656586e+001
       8.900217e+001       1.727759e+001
       9.000162e+001       1.799896e+001
       9.100107e+001       1.873138e+001
       9.200052e+001       1.948099e+001
       9.300397e+001       2.024460e+001
       9.400342e+001       2.100851e+001
       9.500287e+001       2.177359e+001
       9.600232e+001       2.254984e+001
       9.700177e+001       2.333337e+001
       9.800122e+001       2.411868e+001
       9.900067e+001       2.490808e+001
       1.000001e+002       2.570132e+001
       1.010036e+002       2.652328e+001
       1.020030e+002       2.734573e+001
       1.030025e+002       2.817606e+001
       1.040019e+002       2.901758e+001
       1.050014e+002       2.987448e+001
       1.060008e+002       3.074228e+001
       1.070003e+002       3.162137e+001
       1.080037e+002       3.251593e+001
       1.090032e+002       3.341653e+001
       1.100026e+002       3.433682e+001
   