 1001Displacement    8
passive-lower_limb2007                  
Displacement_Y[tibia_COG_k]
Time
Title Displacement_Y[tibia_COG_k]/Time
Abs_unit TI
Ord_unit DS
Maximum 59.853165
Minimum -21.028610
       0.000000e+000       0.000000e+000
       1.002158e+000       3.583618e+000
       2.000441e+000       3.171425e+000
       3.000709e+000       8.113861e-002
       4.000865e+000       3.865448e+000
       5.002524e+000       2.855431e+000
       6.000101e+000       1.641159e-001
       7.000571e+000       3.991539e+000
       8.000127e+000       2.673210e+000
       9.000432e+000       1.852112e-001
       1.000054e+001       3.960831e+000
       1.100051e+001       2.664391e+000
       1.200089e+001       7.388306e-002
       1.300083e+001       3.723473e+000
       1.400311e+001       2.876244e+000
       1.500020e+001      -1.545715e-001
       1.600125e+001       3.105797e+000
       1.700056e+001       3.458565e+000
       1.800121e+001      -9.094238e-002
       1.900151e+001       2.115524e+000
       2.000105e+001       4.214165e+000
       2.100044e+001       6.947021e-001
       2.200099e+001       7.838821e-001
       2.300116e+001       4.051865e+000
       2.400064e+001       2.575539e+000
       2.500034e+001      -3.876343e-001
       2.600146e+001       9.869385e-001
       2.700103e+001       3.790268e+000
       2.800091e+001       4.532684e+000
       2.900340e+001       2.476402e+000
       3.000028e+001       2.603378e-001
       3.100138e+001      -1.768425e+000
       3.200006e+001      -3.472900e+000
       3.300095e+001      -4.903786e+000
       3.400091e+001      -6.057030e+000
       3.500161e+001      -6.827484e+000
       3.600122e+001      -7.091431e+000
       3.700078e+001      -6.661774e+000
       3.800081e+001      -5.906845e+000
       3.900027e+001      -5.125320e+000
       4.000249e+001      -4.310707e+000
       4.100290e+001      -3.460907e+000
       4.200330e+001      -2.575027e+000
       4.300165e+001      -1.664223e+000
       4.400062e+001      -7.362366e-001
       4.500074e+001       2.014389e-001
       4.600026e+001       1.138367e+000
       4.700004e+001       2.071716e+000
       4.800127e+001       2.973541e+000
       4.900168e+001       3.790649e+000
       5.000208e+001       4.504311e+000
       5.100223e+001       5.111290e+000
       5.200062e+001       5.631058e+000
       5.300097e+001       6.172318e+000
       5.400184e+001       6.786987e+000
       5.500219e+001       7.384201e+000
       5.600259e+001       7.926651e+000
       5.700299e+001       8.425255e+000
       5.800340e+001       8.888351e+000
       5.900050e+001       9.328438e+000
       6.000079e+001       9.843895e+000
       6.100155e+001       1.059128e+001
       6.200214e+001       1.146106e+001
       6.300151e+001       1.230052e+001
       6.400191e+001       1.309006e+001
       6.500137e+001       1.383577e+001
       6.600082e+001       1.454205e+001
       6.700193e+001       1.522757e+001
       6.800079e+001       1.598780e+001
       6.900008e+001       1.701307e+001
       7.000199e+001       1.827061e+001
       7.100006e+001       1.955367e+001
       7.200351e+001       2.081839e+001
       7.300296e+001       2.205489e+001
       7.400241e+001       2.328028e+001
       7.500186e+001       2.449533e+001
       7.600131e+001       2.569756e+001
       7.700076e+001       2.689202e+001
       7.800021e+001       2.807719e+001
       7.900366e+001       2.926317e+001
       8.000311e+001       3.043458e+001
       8.100256e+001       3.160183e+001
       8.200201e+001       3.275949e+001
       8.300146e+001       3.390401e+001
       8.400092e+001       3.504074e+001
       8.500037e+001       3.616745e+001
       8.600381e+001       3.728460e+001
       8.700327e+001       3.837711e+001
       8.800272e+001       3.946550e+001
       8.900217e+001       4.054126e+001
       9.000162e+001       4.160073e+001
       9.100107e+001       4.264412e+001
       9.200052e+001       4.366783e+001
       9.300397e+001       4.468132e+001
       9.400342e+001       4.568235e+001
       9.500287e+001       4.667640e+001
       9.600232e+001       4.765755e+001
       9.700177e+001       4.862482e+001
       9.800122e+001       4.958514e+001
       9.900067e+001       5.053678e+001
       1.000001e+002       5.147808e+001
       1.010036e+002       5.203613e+001
       1.020030e+002       5.258661e+001
       1.030025e+002       5.312439e+001
       1.040019e+002       5.364436e+001
       1.050014e+002       5.413932e+001
       1.060008e+002       5.461659e+001
       1.070003e+002       5.507244e+001
       1.080037e+002       5.550635e+001
       1.090032e+002       5.592121e+001
       1.100026e+002       5.629950e+001
