 1001Displacement    8
passive-lower_limb2007                  
Displacement_Y[tibia_COG]
Time
Title Displacement_Y[tibia_COG]/Time
Abs_unit TI
Ord_unit DS
Maximum 59.604340
Minimum -21.048386
       0.000000e+000       0.000000e+000
       1.002158e+000       3.568092e+000
       2.000441e+000       3.157532e+000
       3.000709e+000       8.038330e-002
       4.000865e+000       3.848099e+000
       5.002524e+000       2.842117e+000
       6.000101e+000       1.620636e-001
       7.000571e+000       3.972466e+000
       8.000127e+000       2.659332e+000
       9.000432e+000       1.815872e-001
       1.000054e+001       3.940178e+000
       1.100051e+001       2.648758e+000
       1.200089e+001       6.890869e-002
       1.300083e+001       3.701927e+000
       1.400311e+001       2.857811e+000
       1.500020e+001      -1.602936e-001
       1.600125e+001       3.085083e+000
       1.700056e+001       3.435753e+000
       1.800121e+001      -9.860992e-002
       1.900151e+001       2.097565e+000
       2.000105e+001       4.186516e+000
       2.100044e+001       6.823273e-001
       2.200099e+001       7.709122e-001
       2.300116e+001       4.024300e+000
       2.400064e+001       2.554794e+000
       2.500034e+001      -3.947449e-001
       2.600146e+001       9.743500e-001
       2.700103e+001       3.765953e+000
       2.800091e+001       4.506203e+000
       2.900340e+001       2.460686e+000
       3.000028e+001       2.560959e-001
       3.100138e+001      -1.762009e+000
       3.200006e+001      -3.457245e+000
       3.300095e+001      -4.880165e+000
       3.400091e+001      -6.026833e+000
       3.500161e+001      -6.792542e+000
       3.600122e+001      -7.054123e+000
       3.700078e+001      -6.625252e+000
       3.800081e+001      -5.872673e+000
       3.900027e+001      -5.093811e+000
       4.000249e+001      -4.282234e+000
       4.100290e+001      -3.435890e+000
       4.200330e+001      -2.553902e+000
       4.300165e+001      -1.647354e+000
       4.400062e+001      -7.239151e-001
       4.500074e+001       2.090225e-001
       4.600026e+001       1.141151e+000
       4.700004e+001       2.069626e+000
       4.800127e+001       2.966560e+000
       4.900168e+001       3.779053e+000
       5.000208e+001       4.488503e+000
       5.100223e+001       5.091743e+000
       5.200062e+001       5.608284e+000
       5.300097e+001       6.146873e+000
       5.400184e+001       6.759331e+000
       5.500219e+001       7.354523e+000
       5.600259e+001       7.895050e+000
       5.700299e+001       8.391739e+000
       5.800340e+001       8.852867e+000
       5.900050e+001       9.290909e+000
       6.000079e+001       9.803909e+000
       6.100155e+001       1.054791e+001
       6.200214e+001       1.141371e+001
       6.300151e+001       1.224911e+001
       6.400191e+001       1.303456e+001
       6.500137e+001       1.377618e+001
       6.600082e+001       1.447841e+001
       6.700193e+001       1.515986e+001
       6.800079e+001       1.591562e+001
       6.900008e+001       1.693520e+001
       7.000199e+001       1.818601e+001
       7.100006e+001       1.946230e+001
       7.200351e+001       2.072038e+001
       7.300296e+001       2.195042e+001
       7.400241e+001       2.316952e+001
       7.500186e+001       2.437841e+001
       7.600131e+001       2.557462e+001
       7.700076e+001       2.676317e+001
       7.800021e+001       2.794253e+001
       7.900366e+001       2.912276e+001
       8.000311e+001       3.028853e+001
       8.100256e+001       3.145023e+001
       8.200201e+001       3.260242e+001
       8.300146e+001       3.374157e+001
       8.400092e+001       3.487302e+001
       8.500037e+001       3.599453e+001
       8.600381e+001       3.710658e+001
       8.700327e+001       3.819411e+001
       8.800272e+001       3.927760e+001
       8.900217e+001       4.034856e+001
       9.000162e+001       4.140333e+001
       9.100107e+001       4.244212e+001
       9.200052e+001       4.346134e+001
       9.300397e+001       4.447042e+001
       9.400342e+001       4.546713e+001
       9.500287e+001       4.645695e+001
       9.600232e+001       4.743395e+001
       9.700177e+001       4.839717e+001
       9.800122e+001       4.935350e+001
       9.900067e+001       5.030122e+001
       1.000001e+002       5.123869e+001
       1.010036e+002       5.179613e+001
       1.020030e+002       5.234602e+001
       1.030025e+002       5.288323e+001
       1.040019e+002       5.340266e+001
       1.050014e+002       5.389711e+001
       1.060008e+002       5.437387e+001
       1.070003e+002       5.482925e+001
       1.080037e+002       5.526270e+001
       1.090032e+002       5.567713e+001
       1.100026e+002       5.605502e+001
  