 1001Displacement    8
passive-lower_limb2007                  
Displacement_Y[tibia_COG_i]
Time
Title Displacement_Y[tibia_COG_i]/Time
Abs_unit TI
Ord_unit DS
Maximum 59.696182
Minimum -20.901726
       0.000000e+000       0.000000e+000
       1.002158e+000       3.568558e+000
       2.000441e+000       3.157890e+000
       3.000709e+000       8.038330e-002
       4.000865e+000       3.848579e+000
       5.002524e+000       2.842346e+000
       6.000101e+000       1.620712e-001
       7.000571e+000       3.972870e+000
       8.000127e+000       2.659477e+000
       9.000432e+000       1.816483e-001
       1.000054e+001       3.940475e+000
       1.100051e+001       2.648880e+000
       1.200089e+001       6.912231e-002
       1.300083e+001       3.702156e+000
       1.400311e+001       2.857994e+000
       1.500020e+001      -1.598206e-001
       1.600125e+001       3.085358e+000
       1.700056e+001       3.436066e+000
       1.800121e+001      -9.787750e-002
       1.900151e+001       2.098030e+000
       2.000105e+001       4.186981e+000
       2.100044e+001       6.831207e-001
       2.200099e+001       7.717285e-001
       2.300116e+001       4.024818e+000
       2.400064e+001       2.555328e+000
       2.500034e+001      -3.937836e-001
       2.600146e+001       9.748993e-001
       2.700103e+001       3.766289e+000
       2.800091e+001       4.506554e+000
       2.900340e+001       2.460815e+000
       3.000028e+001       2.561722e-001
       3.100138e+001      -1.761833e+000
       3.200006e+001      -3.456886e+000
       3.300095e+001      -4.879608e+000
       3.400091e+001      -6.026070e+000
       3.500161e+001      -6.791649e+000
       3.600122e+001      -7.053223e+000
       3.700078e+001      -6.624512e+000
       3.800081e+001      -5.872093e+000
       3.900027e+001      -5.093292e+000
       4.000249e+001      -4.281723e+000
       4.100290e+001      -3.435341e+000
       4.200330e+001      -2.553284e+000
       4.300165e+001      -1.646660e+000
       4.400062e+001      -7.231369e-001
       4.500074e+001       2.098846e-001
       4.600026e+001       1.142136e+000
       4.700004e+001       2.070724e+000
       4.800127e+001       2.967773e+000
       4.900168e+001       3.780357e+000
       5.000208e+001       4.489861e+000
       5.100223e+001       5.093124e+000
       5.200062e+001       5.609695e+000
       5.300097e+001       6.148453e+000
       5.400184e+001       6.761307e+000
       5.500219e+001       7.356956e+000
       5.600259e+001       7.897911e+000
       5.700299e+001       8.394981e+000
       5.800340e+001       8.856430e+000
       5.900050e+001       9.294731e+000
       6.000079e+001       9.808022e+000
       6.100155e+001       1.055254e+001
       6.200214e+001       1.141895e+001
       6.300151e+001       1.225489e+001
       6.400191e+001       1.304079e+001
       6.500137e+001       1.378277e+001
       6.600082e+001       1.448528e+001
       6.700193e+001       1.516696e+001
       6.800079e+001       1.592302e+001
       6.900008e+001       1.694316e+001
       7.000199e+001       1.819479e+001
       7.100006e+001       1.947198e+001
       7.200351e+001       2.073103e+001
       7.300296e+001       2.196209e+001
       7.400241e+001       2.318228e+001
       7.500186e+001       2.439235e+001
       7.600131e+001       2.558978e+001
       7.700076e+001       2.677964e+001
       7.800021e+001       2.796038e+001
       7.900366e+001       2.914207e+001
       8.000311e+001       3.030936e+001
       8.100256e+001       3.147265e+001
       8.200201e+001       3.262650e+001
       8.300146e+001       3.376736e+001
       8.400092e+001       3.490059e+001
       8.500037e+001       3.602394e+001
       8.600381e+001       3.713789e+001
       8.700327e+001       3.822736e+001
       8.800272e+001       3.931287e+001
       8.900217e+001       4.038591e+001
       9.000162e+001       4.144280e+001
       9.100107e+001       4.248375e+001
       9.200052e+001       4.350516e+001
       9.300397e+001       4.451648e+001
       9.400342e+001       4.551550e+001
       9.500287e+001       4.650769e+001
       9.600232e+001       4.748711e+001
       9.700177e+001       4.845280e+001
       9.800122e+001       4.941167e+001
       9.900067e+001       5.036199e+001
       1.000001e+002       5.130210e+001
       1.010036e+002       5.186124e+001
       1.020030e+002       5.241286e+001
       1.030025e+002       5.295181e+001
       1.040019e+002       5.347296e+001
       1.050014e+002       5.396906e+001
       1.060008e+002       5.444747e+001
       1.070003e+002       5.490443e+001
       1.080037e+002       5.533941e+001
       1.090032e+002       5.575533e+001
       1.100026e+002       5.613457e+001
     