 1001Displacement    8
passive-lower_limb2007                  
Displacement_Z[tibia_COG]
Time
Title Displacement_Z[tibia_COG]/Time
Abs_unit TI
Ord_unit DS
Maximum 184.691330
Minimum -2.809052
       0.000000e+000       0.000000e+000
       1.002158e+000       6.851196e-002
       2.000441e+000       9.060669e-002
       3.000709e+000       6.631470e-002
       4.000865e+000       1.665955e-001
       5.002524e+000       1.921082e-001
       6.000101e+000       1.892395e-001
       7.000571e+000       3.020020e-001
       8.000127e+000       3.330994e-001
       9.000432e+000       3.405457e-001
       1.000054e+001       4.474792e-001
       1.100051e+001       4.749756e-001
       1.200089e+001       4.787903e-001
       1.300083e+001       5.949402e-001
       1.400311e+001       6.458740e-001
       1.500020e+001       6.615295e-001
       1.600125e+001       8.137512e-001
       1.700056e+001       9.130554e-001
       1.800121e+001       9.483643e-001
       1.900151e+001       1.093506e+000
       2.000105e+001       1.208862e+000
       2.100044e+001       1.153107e+000
       2.200099e+001       1.114014e+000
       2.300116e+001       1.077881e+000
       2.400064e+001       5.737305e-001
       2.500034e+001      -5.722046e-002
       2.600146e+001      -7.007751e-001
       2.700103e+001      -1.280792e+000
       2.800091e+001      -1.812683e+000
       2.900340e+001      -2.323273e+000
       3.000028e+001      -2.651215e+000
       3.100138e+001      -2.809052e+000
       3.200006e+001      -2.808594e+000
       3.300095e+001      -2.608582e+000
       3.400091e+001      -2.187805e+000
       3.500161e+001      -1.572174e+000
       3.600122e+001      -8.106689e-001
       3.700078e+001      -2.160645e-001
       3.800081e+001      -3.144226e-001
       3.900027e+001      -8.259277e-001
       4.000249e+001      -1.201752e+000
       4.100290e+001      -1.306519e+000
       4.200330e+001      -1.119720e+000
       4.300165e+001      -6.553040e-001
       4.400062e+001       4.577637e-003
       4.500074e+001       5.176392e-001
       4.600026e+001       3.915710e-001
       4.700004e+001      -6.045532e-002
       4.800127e+001      -3.680420e-001
       4.900168e+001      -3.958740e-001
       5.000208e+001      -1.381836e-001
       5.100223e+001       3.861084e-001
       5.200062e+001       1.026978e+000
       5.300097e+001       1.204041e+000
       5.400184e+001       7.987976e-001
       5.500219e+001       4.369507e-001
       5.600259e+001       3.154907e-001
       5.700299e+001       4.678345e-001
       5.800340e+001       8.798523e-001
       5.900050e+001       1.484253e+000
       6.000079e+001       1.973480e+000
       6.100155e+001       1.887543e+000
       6.200214e+001       1.559448e+000
       6.300151e+001       1.395599e+000
       6.400191e+001       1.471619e+000
       6.500137e+001       1.775330e+000
       6.600082e+001       2.286591e+000
       6.700193e+001       2.966431e+000
       6.800079e+001       3.663544e+000
       6.900008e+001       4.157166e+000
       7.000199e+001       4.526886e+000
       7.100006e+001       4.943726e+000
       7.200351e+001       5.451965e+000
       7.300296e+001       6.033081e+000
       7.400241e+001       6.661041e+000
       7.500186e+001       7.323212e+000
       7.600131e+001       8.011292e+000
       7.700076e+001       8.713989e+000
       7.800021e+001       9.422119e+000
       7.900366e+001       1.012378e+001
       8.000311e+001       1.082239e+001
       8.100256e+001       1.151483e+001
       8.200201e+001       1.220700e+001
       8.300146e+001       1.290063e+001
       8.400092e+001       1.359311e+001
       8.500037e+001       1.428619e+001
       8.600381e+001       1.498737e+001
       8.700327e+001       1.569608e+001
       8.800272e+001       1.639954e+001
       8.900217e+001       1.710693e+001
       9.000162e+001       1.782401e+001
       9.100107e+001       1.855222e+001
       9.200052e+001       1.929767e+001
       9.300397e+001       2.005722e+001
       9.400342e+001       2.081714e+001
       9.500287e+001       2.157834e+001
       9.600232e+001       2.235074e+001
       9.700177e+001       2.313055e+001
       9.800122e+001       2.391217e+001
       9.900067e+001       2.469794e+001
       1.000001e+002       2.548764e+001
       1.010036e+002       2.630936e+001
       1.020030e+002       2.713159e+001
       1.030025e+002       2.796170e+001
       1.040019e+002       2.880301e+001
       1.050014e+002       2.965970e+001
       1.060008e+002       3.052722e+001
       1.070003e+002       3.140604e+001
       1.080037e+002       3.230029e+001
       1.090032e+002       3.320059e+001
       1.100026e+002       3.412051e+001
    