 1001Rotational A    8
passive-lower_limb2007                  
Rotational Angle_Y[tibia_COG]
Time
Title Rotational Angle_Y[tibia_COG]/Time
Abs_unit TI
Ord_unit AD
Maximum 1.966118
Minimum 0.000000
       0.000000e+000       0.000000e+000
       1.002158e+000       1.228775e-003
       2.000441e+000       1.163512e-003
       3.000709e+000       3.763234e-004
       4.000865e+000       2.207970e-003
       5.002524e+000       2.515781e-003
       6.000101e+000       2.393654e-003
       7.000571e+000       4.688216e-003
       8.000127e+000       5.320377e-003
       9.000432e+000       5.692074e-003
       1.000054e+001       8.333745e-003
       1.100051e+001       9.338697e-003
       1.200089e+001       1.002306e-002
       1.300083e+001       1.290829e-002
       1.400311e+001       1.433289e-002
       1.500020e+001       1.508780e-002
       1.600125e+001       1.793617e-002
       1.700056e+001       1.987153e-002
       1.800121e+001       2.063420e-002
       1.900151e+001       2.340171e-002
       2.000105e+001       2.614536e-002
       2.100044e+001       2.727898e-002
       2.200099e+001       2.992379e-002
       2.300116e+001       3.375958e-002
       2.400064e+001       3.639594e-002
       2.500034e+001       3.851488e-002
       2.600146e+001       4.300484e-002
       2.700103e+001       4.796267e-002
       2.800091e+001       5.237401e-002
       2.900340e+001       5.624857e-002
       3.000028e+001       5.923734e-002
       3.100138e+001       6.164012e-002
       3.200006e+001       6.370085e-002
       3.300095e+001       6.524514e-002
       3.400091e+001       6.620229e-002
       3.500161e+001       6.686435e-002
       3.600122e+001       6.758157e-002
       3.700078e+001       6.964339e-002
       3.800081e+001       7.418595e-002
       3.900027e+001       7.982867e-002
       4.000249e+001       8.477402e-002
       4.100290e+001       8.855681e-002
       4.200330e+001       9.112450e-002
       4.300165e+001       9.250684e-002
       4.400062e+001       9.300188e-002
       4.500074e+001       9.385223e-002
       4.600026e+001       9.682610e-002
       4.700004e+001       1.007353e-001
       4.800127e+001       1.038425e-001
       4.900168e+001       1.056562e-001
       5.000208e+001       1.061755e-001
       5.100223e+001       1.055407e-001
       5.200062e+001       1.043857e-001
       5.300097e+001       1.052714e-001
       5.400184e+001       1.087839e-001
       5.500219e+001       1.121205e-001
       5.600259e+001       1.143141e-001
       5.700299e+001       1.152292e-001
       5.800340e+001       1.149258e-001
       5.900050e+001       1.136886e-001
       6.000079e+001       1.129710e-001
       6.100155e+001       1.149433e-001
       6.200214e+001       1.180313e-001
       6.300151e+001       1.202817e-001
       6.400191e+001       1.213470e-001
       6.500137e+001       1.213037e-001
       6.600082e+001       1.202486e-001
       6.700193e+001       1.183894e-001
       6.800079e+001       1.165065e-001
       6.900008e+001       1.158296e-001
       7.000199e+001       1.160026e-001
       7.100006e+001       1.159901e-001
       7.200351e+001       1.155218e-001
       7.300296e+001       1.146890e-001
       7.400241e+001       1.136574e-001
       7.500186e+001       1.124940e-001
       7.600131e+001       1.112255e-001
       7.700076e+001       1.099319e-001
       7.800021e+001       1.086248e-001
       7.900366e+001       1.074006e-001
       8.000311e+001       1.061984e-001
       8.100256e+001       1.050405e-001
       8.200201e+001       1.038971e-001
       8.300146e+001       1.027383e-001
       8.400092e+001       1.016129e-001
       8.500037e+001       1.005075e-001
       8.600381e+001       9.940870e-002
       8.700327e+001       9.828766e-002
       8.800272e+001       9.723556e-002
       8.900217e+001       9.620115e-002
       9.000162e+001       9.514884e-002
       9.100107e+001       9.407645e-002
       9.200052e+001       9.294419e-002
       9.300397e+001       9.179805e-002
       9.400342e+001       9.069683e-002
       9.500287e+001       8.963905e-002
       9.600232e+001       8.855927e-002
       9.700177e+001       8.750253e-002
       9.800122e+001       8.648194e-002
       9.900067e+001       8.547711e-002
       1.000001e+002       8.448362e-002
       1.010036e+002       8.454184e-002
       1.020030e+002       8.460896e-002
       1.030025e+002       8.465219e-002
       1.040019e+002       8.464845e-002
       1.050014e+002       8.455934e-002
       1.060008e+002       8.441496e-002
       1.070003e+002       8.419699e-002
       1.080037e+002       8.389256e-002
       1.090032e+002       8.352235e-002
       1.100026e+002       8.299871e-002
      