 1001Displacement    8
passive-lower_limb2007                  
Displacement_Z[tibia_COG_k]
Time
Title Displacement_Z[tibia_COG_k]/Time
Abs_unit TI
Ord_unit DS
Maximum 183.511551
Minimum -2.811523
       0.000000e+000       0.000000e+000
       1.002158e+000       6.838989e-002
       2.000441e+000       9.051514e-002
       3.000709e+000       6.631470e-002
       4.000865e+000       1.664429e-001
       5.002524e+000       1.920166e-001
       6.000101e+000       1.892090e-001
       7.000571e+000       3.017578e-001
       8.000127e+000       3.329468e-001
       9.000432e+000       3.404541e-001
       1.000054e+001       4.471741e-001
       1.100051e+001       4.747314e-001
       1.200089e+001       4.786377e-001
       1.300083e+001       5.945129e-001
       1.400311e+001       6.454773e-001
       1.500020e+001       6.612549e-001
       1.600125e+001       8.132019e-001
       1.700056e+001       9.124451e-001
       1.800121e+001       9.479065e-001
       1.900151e+001       1.092834e+000
       2.000105e+001       1.207916e+000
       2.100044e+001       1.152374e+000
       2.200099e+001       1.113190e+000
       2.300116e+001       1.076630e+000
       2.400064e+001       5.725098e-001
       2.500034e+001      -5.834961e-002
       2.600146e+001      -7.022095e-001
       2.700103e+001      -1.282684e+000
       2.800091e+001      -1.814880e+000
       2.900340e+001      -2.325500e+000
       3.000028e+001      -2.653503e+000
       3.100138e+001      -2.811523e+000
       3.200006e+001      -2.811310e+000
       3.300095e+001      -2.611572e+000
       3.400091e+001      -2.191040e+000
       3.500161e+001      -1.575623e+000
       3.600122e+001      -8.142395e-001
       3.700078e+001      -2.198181e-001
       3.800081e+001      -3.184814e-001
       3.900027e+001      -8.303833e-001
       4.000249e+001      -1.206604e+000
       4.100290e+001      -1.311676e+000
       4.200330e+001      -1.125031e+000
       4.300165e+001      -6.607056e-001
       4.400062e+001      -8.239746e-004
       4.500074e+001       5.122070e-001
       4.600026e+001       3.858337e-001
       4.700004e+001      -6.661987e-002
       4.800127e+001      -3.745728e-001
       4.900168e+001      -4.026489e-001
       5.000208e+001      -1.450806e-001
       5.100223e+001       3.792114e-001
       5.200062e+001       1.020142e+000
       5.300097e+001       1.197052e+000
       5.400184e+001       7.913513e-001
       5.500219e+001       4.290771e-001
       5.600259e+001       3.073120e-001
       5.700299e+001       4.594727e-001
       5.800340e+001       8.714905e-001
       5.900050e+001       1.475983e+000
       6.000079e+001       1.965210e+000
       6.100155e+001       1.878937e+000
       6.200214e+001       1.550293e+000
       6.300151e+001       1.385986e+000
       6.400191e+001       1.461639e+000
       6.500137e+001       1.765167e+000
       6.600082e+001       2.276306e+000
       6.700193e+001       2.956085e+000
       6.800079e+001       3.653137e+000
       6.900008e+001       4.146423e+000
       7.000199e+001       4.515625e+000
       7.100006e+001       4.931915e+000
       7.200351e+001       5.439606e+000
       7.300296e+001       6.020203e+000
       7.400241e+001       6.647675e+000
       7.500186e+001       7.309326e+000
       7.600131e+001       7.996887e+000
       7.700076e+001       8.699066e+000
       7.800021e+001       9.406647e+000
       7.900366e+001       1.010773e+001
       8.000311e+001       1.080573e+001
       8.100256e+001       1.149756e+001
       8.200201e+001       1.218912e+001
       8.300146e+001       1.288205e+001
       8.400092e+001       1.357385e+001
       8.500037e+001       1.426627e+001
       8.600381e+001       1.496674e+001
       8.700327e+001       1.567477e+001
       8.800272e+001       1.637750e+001
       8.900217e+001       1.708417e+001
       9.000162e+001       1.780051e+001
       9.100107e+001       1.852798e+001
       9.200052e+001       1.927271e+001
       9.300397e+001       2.003152e+001
       9.400342e+001       2.079071e+001
       9.500287e+001       2.155115e+001
       9.600232e+001       2.232278e+001
       9.700177e+001       2.310184e+001
       9.800122e+001       2.388272e+001
       9.900067e+001       2.466769e+001
       1.000001e+002       2.545663e+001
       1.010036e+002       2.627826e+001
       1.020030e+002       2.710046e+001
       1.030025e+002       2.793051e+001
       1.040019e+002       2.877176e+001
       1.050014e+002       2.962839e+001
       1.060008e+002       3.049585e+001
       1.070003e+002       3.137463e+001
       1.080037e+002       3.226886e+001
       1.090032e+002       3.316913e+001
       1.100026e+002       3.408902e+001
     