 1001Displacement    8
passive-lower_limb2007                  
Displacement_X[tibia_COG]
Time
Title Displacement_X[tibia_COG]/Time
Abs_unit TI
Ord_unit DS
Maximum 331.955994
Minimum -23.852287
       0.000000e+000       0.000000e+000
       1.002158e+000       7.659531e-001
       2.000441e+000       7.058983e-001
       3.000709e+000       1.092968e-001
       4.000865e+000       1.062206e+000
       5.002524e+000       1.039047e+000
       6.000101e+000       6.673832e-001
       7.000571e+000       1.742117e+000
       8.000127e+000       1.769760e+000
       9.000432e+000       1.548018e+000
       1.000054e+001       2.699013e+000
       1.100051e+001       2.824612e+000
       1.200089e+001       2.668928e+000
       1.300083e+001       3.874205e+000
       1.400311e+001       4.169395e+000
       1.500020e+001       3.988461e+000
       1.600125e+001       5.145760e+000
       1.700056e+001       5.716908e+000
       1.800121e+001       5.498495e+000
       1.900151e+001       6.520185e+000
       2.000105e+001       7.505775e+000
       2.100044e+001       7.405540e+000
       2.200099e+001       8.126614e+000
       2.300116e+001       9.535252e+000
       2.400064e+001       1.000416e+001
       2.500034e+001       1.011925e+001
       2.600146e+001       1.144665e+001
       2.700103e+001       1.305652e+001
       2.800091e+001       1.430159e+001
       2.900340e+001       1.515889e+001
       3.000028e+001       1.577982e+001
       3.100138e+001       1.628785e+001
       3.200006e+001       1.677689e+001
       3.300095e+001       1.719299e+001
       3.400091e+001       1.751319e+001
       3.500161e+001       1.783394e+001
       3.600122e+001       1.826669e+001
       3.700078e+001       1.914890e+001
       3.800081e+001       2.060240e+001
       3.900027e+001       2.223914e+001
       4.000249e+001       2.366882e+001
       4.100290e+001       2.478550e+001
       4.200330e+001       2.558069e+001
       4.300165e+001       2.605985e+001
       4.400062e+001       2.629603e+001
       4.500074e+001       2.658358e+001
       4.600026e+001       2.733577e+001
       4.700004e+001       2.827656e+001
       4.800127e+001       2.900221e+001
       4.900168e+001       2.940105e+001
       5.000208e+001       2.947371e+001
       5.100223e+001       2.926167e+001
       5.200062e+001       2.892287e+001
       5.300097e+001       2.910750e+001
       5.400184e+001       2.996886e+001
       5.500219e+001       3.078679e+001
       5.600259e+001       3.130316e+001
       5.700299e+001       3.148700e+001
       5.800340e+001       3.135347e+001
       5.900050e+001       3.097364e+001
       6.000079e+001       3.071573e+001
       6.100155e+001       3.112777e+001
       6.200214e+001       3.181353e+001
       6.300151e+001       3.228282e+001
       6.400191e+001       3.245028e+001
       6.500137e+001       3.233672e+001
       6.600082e+001       3.196749e+001
       6.700193e+001       3.139844e+001
       6.800079e+001       3.082900e+001
       6.900008e+001       3.057553e+001
       7.000199e+001       3.054867e+001
       7.100006e+001       3.047198e+001
       7.200351e+001       3.027286e+001
       7.300296e+001       2.997402e+001
       7.400241e+001       2.961265e+001
       7.500186e+001       2.920453e+001
       7.600131e+001       2.875706e+001
       7.700076e+001       2.829123e+001
       7.800021e+001       2.781017e+001
       7.900366e+001       2.733498e+001
       8.000311e+001       2.685390e+001
       8.100256e+001       2.636742e+001
       8.200201e+001       2.587061e+001
       8.300146e+001       2.535575e+001
       8.400092e+001       2.483370e+001
       8.500037e+001       2.430170e+001
       8.600381e+001       2.375833e+001
       8.700327e+001       2.320206e+001
       8.800272e+001       2.264352e+001
       8.900217e+001       2.207565e+001
       9.000162e+001       2.149289e+001
       9.100107e+001       2.089519e+001
       9.200052e+001       2.027606e+001
       9.300397e+001       1.964169e+001
       9.400342e+001       1.900485e+001
       9.500287e+001       1.836196e+001
       9.600232e+001       1.770280e+001
       9.700177e+001       1.703833e+001
       9.800122e+001       1.636718e+001
       9.900067e+001       1.568676e+001
       1.000001e+002       1.499812e+001
       1.010036e+002       1.442413e+001
       1.020030e+002       1.384978e+001
       1.030025e+002       1.327121e+001
       1.040019e+002       1.268805e+001
       1.050014e+002       1.209654e+001
       1.060008e+002       1.150033e+001
       1.070003e+002       1.089778e+001
       1.080037e+002       1.028549e+001
       1.090032e+002       9.668852e+000
       1.100026e+002       9.036835e+000
     