 1001Displacement    8
passive-lower_limb2007                  
Displacement_X[tibia_COG_i]
Time
Title Displacement_X[tibia_COG_i]/Time
Abs_unit TI
Ord_unit DS
Maximum 332.147644
Minimum -23.529881
       0.000000e+000       0.000000e+000
       1.002158e+000       7.915268e-001
       2.000441e+000       7.278900e-001
       3.000709e+000       1.080360e-001
       4.000865e+000       1.087065e+000
       5.002524e+000       1.055185e+000
       6.000101e+000       6.623688e-001
       7.000571e+000       1.762533e+000
       8.000127e+000       1.778446e+000
       9.000432e+000       1.536299e+000
       1.000054e+001       2.711466e+000
       1.100051e+001       2.825016e+000
       1.200089e+001       2.647924e+000
       1.300083e+001       3.876211e+000
       1.400311e+001       4.162735e+000
       1.500020e+001       3.957672e+000
       1.600125e+001       5.134911e+000
       1.700056e+001       5.705999e+000
       1.800121e+001       5.460384e+000
       1.900151e+001       6.495014e+000
       2.000105e+001       7.493292e+000
       2.100044e+001       7.367235e+000
       2.200099e+001       8.088018e+000
       2.300116e+001       9.518938e+000
       2.400064e+001       9.978983e+000
       2.500034e+001       1.007567e+001
       2.600146e+001       1.141566e+001
       2.700103e+001       1.304844e+001
       2.800091e+001       1.430389e+001
       2.900340e+001       1.515455e+001
       3.000028e+001       1.576756e+001
       3.100138e+001       1.626888e+001
       3.200006e+001       1.675350e+001
       3.300095e+001       1.716672e+001
       3.400091e+001       1.748534e+001
       3.500161e+001       1.780660e+001
       3.600122e+001       1.824286e+001
       3.700078e+001       1.913320e+001
       3.800081e+001       2.059644e+001
       3.900027e+001       2.224221e+001
       4.000249e+001       2.368008e+001
       4.100290e+001       2.480406e+001
       4.200330e+001       2.560564e+001
       4.300165e+001       2.609025e+001
       4.400062e+001       2.633103e+001
       4.500074e+001       2.662257e+001
       4.600026e+001       2.737848e+001
       4.700004e+001       2.832254e+001
       4.800127e+001       2.905058e+001
       4.900168e+001       2.945079e+001
       5.000208e+001       2.952387e+001
       5.100223e+001       2.931148e+001
       5.200062e+001       2.897223e+001
       5.300097e+001       2.915944e+001
       5.400184e+001       3.002733e+001
       5.500219e+001       3.085214e+001
       5.600259e+001       3.137439e+001
       5.700299e+001       3.156292e+001
       5.800340e+001       3.143292e+001
       5.900050e+001       3.105565e+001
       6.000079e+001       3.080049e+001
       6.100155e+001       3.121739e+001
       6.200214e+001       3.190862e+001
       6.300151e+001       3.238217e+001
       6.400191e+001       3.255252e+001
       6.500137e+001       3.244072e+001
       6.600082e+001       3.207228e+001
       6.700193e+001       3.150334e+001
       6.800079e+001       3.093423e+001
       6.900008e+001       3.068271e+001
       7.000199e+001       3.065933e+001
       7.100006e+001       3.058652e+001
       7.200351e+001       3.039130e+001
       7.300296e+001       3.009642e+001
       7.400241e+001       2.973931e+001
       7.500186e+001       2.933572e+001
       7.600131e+001       2.889295e+001
       7.700076e+001       2.843207e+001
       7.800021e+001       2.795608e+001
       7.900366e+001       2.748623e+001
       8.000311e+001       2.701055e+001
       8.100256e+001       2.652964e+001
       8.200201e+001       2.603849e+001
       8.300146e+001       2.552931e+001
       8.400092e+001       2.501308e+001
       8.500037e+001       2.448699e+001
       8.600381e+001       2.394958e+001
       8.700327e+001       2.339918e+001
       8.800272e+001       2.284670e+001
       8.900217e+001       2.228494e+001
       9.000162e+001       2.170826e+001
       9.100107e+001       2.111662e+001
       9.200052e+001       2.050345e+001
       9.300397e+001       1.987508e+001
       9.400342e+001       1.924431e+001
       9.500287e+001       1.860760e+001
       9.600232e+001       1.795460e+001
       9.700177e+001       1.729633e+001
       9.800122e+001       1.663144e+001
       9.900067e+001       1.595732e+001
       1.000001e+002       1.527497e+001
       1.010036e+002       1.470646e+001
       1.020030e+002       1.413760e+001
       1.030025e+002       1.356442e+001
       1.040019e+002       1.298649e+001
       1.050014e+002       1.239994e+001
       1.060008e+002       1.180850e+001
       1.070003e+002       1.121048e+001
       1.080037e+002       1.060247e+001
       1.090032e+002       9.989891e+000
       1.100026e+002       9.361506e+000
   