 1001Rotational A    8
passive-lower_limb2007                  
Rotational Angle_Z[tibia_COG]
Time
Title Rotational Angle_Z[tibia_COG]/Time
Abs_unit TI
Ord_unit AD
Maximum 0.876514
Minimum -0.044241
       0.000000e+000       0.000000e+000
       1.002158e+000       2.556819e-002
       2.000441e+000       2.198659e-002
       3.000709e+000      -1.262611e-003
       4.000865e+000       2.484341e-002
       5.002524e+000       1.611319e-002
       6.000101e+000      -5.037581e-003
       7.000571e+000       2.037228e-002
       8.000127e+000       8.625797e-003
       9.000432e+000      -1.178139e-002
       1.000054e+001       1.236226e-002
       1.100051e+001       2.879435e-004
       1.200089e+001      -2.112697e-002
       1.300083e+001       1.849915e-003
       1.400311e+001      -6.853506e-003
       1.500020e+001      -3.099563e-002
       1.600125e+001      -1.108771e-002
       1.700056e+001      -1.119470e-002
       1.800121e+001      -3.842207e-002
       1.900151e+001      -2.550787e-002
       2.000105e+001      -1.288331e-002
       2.100044e+001      -3.874527e-002
       2.200099e+001      -3.906314e-002
       2.300116e+001      -1.685151e-002
       2.400064e+001      -2.579573e-002
       2.500034e+001      -4.424072e-002
       2.600146e+001      -3.168376e-002
       2.700103e+001      -8.865908e-003
       2.800091e+001       1.393713e-003
       2.900340e+001      -5.322388e-003
       3.000028e+001      -1.327464e-002
       3.100138e+001      -1.998848e-002
       3.200006e+001      -2.439749e-002
       3.300095e+001      -2.723997e-002
       3.400091e+001      -2.879847e-002
       3.500161e+001      -2.827291e-002
       3.600122e+001      -2.473290e-002
       3.700078e+001      -1.651729e-002
       3.800081e+001      -6.617065e-003
       3.900027e+001       2.602103e-003
       4.000249e+001       1.095589e-002
       4.100290e+001       1.836156e-002
       4.200330e+001       2.482842e-002
       4.300165e+001       3.030587e-002
       4.400062e+001       3.491627e-002
       4.500074e+001       3.893230e-002
       4.600026e+001       4.268562e-002
       4.700004e+001       4.596500e-002
       4.800127e+001       4.835938e-002
       4.900168e+001       4.973615e-002
       5.000208e+001       5.015077e-002
       5.100223e+001       4.981015e-002
       5.200062e+001       4.937448e-002
       5.300097e+001       5.194035e-002
       5.400184e+001       5.841457e-002
       5.500219e+001       6.524465e-002
       5.600259e+001       7.107782e-002
       5.700299e+001       7.576543e-002
       5.800340e+001       7.932658e-002
       5.900050e+001       8.192030e-002
       6.000079e+001       8.470683e-002
       6.100155e+001       8.952036e-002
       6.200214e+001       9.491515e-002
       6.300151e+001       9.911771e-002
       6.400191e+001       1.019850e-001
       6.500137e+001       1.037518e-001
       6.600082e+001       1.045968e-001
       6.700193e+001       1.048109e-001
       6.800079e+001       1.052428e-001
       6.900008e+001       1.072546e-001
       7.000199e+001       1.107559e-001
       7.100006e+001       1.146692e-001
       7.200351e+001       1.186551e-001
       7.300296e+001       1.227363e-001
       7.400241e+001       1.271365e-001
       7.500186e+001       1.318377e-001
       7.600131e+001       1.367515e-001
       7.700076e+001       1.419222e-001
       7.800021e+001       1.472400e-001
       7.900366e+001       1.528210e-001
       8.000311e+001       1.584828e-001
       8.100256e+001       1.643353e-001
       8.200201e+001       1.702932e-001
       8.300146e+001       1.762912e-001
       8.400092e+001       1.824332e-001
       8.500037e+001       1.886789e-001
       8.600381e+001       1.950044e-001
       8.700327e+001       2.012599e-001
       8.800272e+001       2.077130e-001
       8.900217e+001       2.142331e-001
       9.000162e+001       2.207482e-001
       9.100107e+001       2.272625e-001
       9.200052e+001       2.337107e-001
       9.300397e+001       2.402125e-001
       9.400342e+001       2.468065e-001
       9.500287e+001       2.535203e-001
       9.600232e+001       2.602483e-001
       9.700177e+001       2.670144e-001
       9.800122e+001       2.738784e-001
       9.900067e+001       2.807965e-001
       1.000001e+002       2.877336e-001
       1.010036e+002       2.935846e-001
       1.020030e+002       2.994404e-001
       1.030025e+002       3.052173e-001
       1.040019e+002       3.108359e-001
       1.050014e+002       3.161944e-001
       1.060008e+002       3.213699e-001
       1.070003e+002       3.263156e-001
       1.080037e+002       3.310201e-001
       1.090032e+002       3.355092e-001
       1.100026e+002       3.395743e-001
   